size: 24.000000 x 24.000000
15 14 12 14 7 15 7 18
7 18 7 19 7 19 7 20
7 20 12 20 18 20 23 20
23 20 23 19 23 19 23 18
23 18 23 15 18 14 15 14
15 14 15 14 15 14 15 14
6 10 6 9 6 8 6 7
6 7 5 7 5 7 4 7
4 7 4 8 4 9 4 10
4 10 3 10 2 10 1 10
1 10 1 11 1 11 1 12
1 12 2 12 3 12 4 12
4 12 4 13 4 14 4 15
4 15 5 15 5 15 6 15
6 15 6 14 6 13 6 12
6 12 7 12 8 12 9 12
9 12 9 11 9 11 9 10
9 10 8 10 7 10 6 10
6 10 6 10 6 10 6 10
15 12 17 12 19 10 19 8
19 8 19 6 17 4 15 4
15 4 13 4 11 6 11 8
11 8 11 10 13 12 15 12
15 12 15 12 15 12 15 12
