size: 24.000000 x 24.000000
19 11 18 11 16 11 15 11
15 11 15 12 15 14 15 15
15 15 14 15 14 15 13 15
13 15 13 14 13 12 13 11
13 11 12 11 10 11 9 11
9 11 9 10 9 10 9 9
9 9 10 9 12 9 13 9
13 9 13 8 13 6 13 5
13 5 14 5 14 5 15 5
15 5 15 6 15 8 15 9
15 9 16 9 18 9 19 9
19 9 19 10 19 10 19 11
19 11 19 11 19 11 19 11
21 1 16 1 12 1 7 1
7 1 6 1 5 2 5 3
5 3 5 8 5 12 5 17
5 17 5 18 6 19 7 19
7 19 12 19 16 19 21 19
21 19 22 19 23 18 23 17
23 17 23 12 23 8 23 3
23 3 23 2 22 1 21 1
21 1 21 1 21 1 21 1
3 5 2 5 2 5 1 5
1 5 1 10 1 16 1 21
1 21 1 22 2 23 3 23
3 23 8 23 14 23 19 23
19 23 19 22 19 22 19 21
19 21 14 21 8 21 3 21
3 21 3 16 3 10 3 5
3 5 3 5 3 5 3 5
