size: 24.000000 x 24.000000
13 9 12 9 12 9 11 9
11 9 11 10 11 11 11 12
11 12 10 12 9 12 8 12
8 12 8 13 8 13 8 14
8 14 9 14 10 14 11 14
11 14 11 15 11 16 11 17
11 17 12 17 12 17 13 17
13 17 13 16 13 15 13 14
13 14 14 14 15 14 16 14
16 14 16 13 16 13 16 12
16 12 15 12 14 12 13 12
13 12 13 11 13 10 13 9
13 9 13 9 13 9 13 9
12 20 8 20 5 17 5 13
5 13 5 9 8 6 12 6
12 6 16 6 19 9 19 13
19 13 19 17 16 20 12 20
12 20 12 20 12 20 12 20
12 4 7 4 3 8 3 13
3 13 3 18 7 22 12 22
12 22 17 22 21 18 21 13
21 13 21 8 17 4 12 4
12 4 12 4 12 4 12 4
22 6 20 4 19 3 17 2
17 2 17 2 17 3 16 3
16 3 18 5 19 6 21 7
21 7 21 7 22 6 22 6
22 6 22 6 22 6 22 6
8 3 7 3 7 2 7 2
7 2 5 3 4 4 2 6
2 6 2 6 3 7 3 7
3 7 5 6 6 5 8 3
8 3 8 3 8 3 8 3
