size: 24.000000 x 24.000000
17 17 17 16 17 16 17 16
17 16 15 16 14 16 12 16
12 16 12 16 12 16 12 17
12 17 14 17 15 17 17 17
17 17 17 17 17 17 17 17
19 19 14 19 10 19 5 19
5 19 10 14 14 10 19 5
19 5 19 10 19 14 19 19
19 19 19 19 19 19 19 19
6 8 6 8 7 8 8 8
8 8 8 7 8 6 8 6
8 6 8 6 8 6 9 6
9 6 9 6 9 7 9 8
9 8 10 8 10 8 11 8
11 8 11 8 11 8 11 9
11 9 10 9 10 9 9 9
9 9 9 10 9 10 9 11
9 11 8 11 8 11 8 11
8 11 8 10 8 10 8 9
8 9 7 9 6 9 6 9
6 9 6 8 6 8 6 8
6 8 6 8 6 8 6 8
19 3 14 3 10 3 5 3
5 3 4 3 3 4 3 5
3 5 3 10 3 14 3 19
3 19 3 20 4 21 5 21
5 21 10 21 14 21 19 21
19 21 20 21 21 20 21 19
21 19 21 14 21 10 21 5
21 5 21 4 20 3 19 3
19 3 19 3 19 3 19 3
