size: 24.000000 x 24.000000
15 5 15 5 14 5 14 5
14 5 14 5 14 4 14 4
14 4 14 4 15 4 15 4
15 4 15 4 15 5 15 5
15 5 15 5 15 5 15 5
10 5 10 5 9 5 9 5
9 5 9 5 9 4 9 4
9 4 9 4 10 4 10 4
10 4 10 4 10 5 10 5
10 5 10 5 10 5 10 5
16 2 16 2 16 1 17 1
17 1 17 1 17 0 17 0
17 0 17 0 16 0 16 0
16 0 16 1 15 1 15 2
15 2 14 1 13 1 12 1
12 1 11 1 10 1 9 2
9 2 9 1 8 1 8 0
8 0 8 0 7 0 7 0
7 0 7 0 7 1 7 1
7 1 8 1 8 2 8 2
8 2 7 3 6 5 6 7
6 7 10 7 14 7 18 7
18 7 18 5 17 3 16 2
16 2 16 2 16 2 16 2
20 8 20 8 19 9 19 10
19 10 19 12 19 14 19 16
19 16 19 17 20 18 20 18
20 18 21 18 22 17 22 16
22 16 22 14 22 12 22 10
22 10 22 9 21 8 20 8
20 8 20 8 20 8 20 8
4 8 3 8 2 9 2 10
2 10 2 12 2 14 2 16
2 16 2 17 3 18 4 18
4 18 4 18 5 17 5 16
5 16 5 14 5 12 5 10
5 10 5 9 4 8 4 8
4 8 4 8 4 8 4 8
6 18 6 19 6 19 7 19
7 19 7 19 8 19 8 19
8 19 8 20 8 21 8 22
8 22 8 23 9 24 10 24
10 24 10 24 11 23 11 22
11 22 11 21 11 20 11 19
11 19 12 19 12 19 13 19
13 19 13 20 13 21 13 22
13 22 13 23 14 24 14 24
14 24 15 24 16 23 16 22
16 22 16 21 16 20 16 19
16 19 16 19 17 19 17 19
17 19 18 19 18 19 18 18
18 18 18 15 18 11 18 8
18 8 14 8 10 8 6 8
6 8 6 11 6 15 6 18
6 18 6 18 6 18 6 18
