size: 24.000000 x 24.000000
15 9 14 9 14 9 14 8
14 8 14 7 14 7 15 7
15 7 16 7 16 7 16 8
16 8 16 9 16 9 15 9
15 9 15 9 15 9 15 9
9 9 8 9 8 9 8 8
8 8 8 7 8 7 9 7
9 7 10 7 10 7 10 8
10 8 10 9 10 9 9 9
9 9 9 9 9 9 9 9
16 4 17 4 18 3 18 2
18 2 18 2 18 2 17 2
17 2 17 2 16 3 15 4
15 4 14 3 13 3 12 3
12 3 11 3 10 3 9 4
9 4 8 3 7 2 7 1
7 1 6 2 6 2 6 2
6 2 6 3 7 4 8 4
8 4 6 6 5 8 5 10
5 10 5 10 5 11 5 11
5 11 10 11 14 11 19 11
19 11 19 11 19 10 19 10
19 10 19 8 18 6 16 4
16 4 16 4 16 4 16 4
5 16 5 20 8 23 12 23
12 23 16 23 19 20 19 16
19 16 19 15 19 13 19 12
19 12 14 12 10 12 5 12
5 12 5 13 5 15 5 16
5 16 5 16 5 16 5 16
