size: 24.000000 x 24.000000
8 18 4 18 2 16 2 12
2 12 2 10 4 7 8 7
8 7 11 7 14 7 18 7
18 7 20 7 22 9 22 11
22 11 22 13 20 15 18 15
18 15 15 15 12 15 10 15
10 15 8 15 7 14 7 12
7 12 7 11 8 10 10 10
10 10 12 10 14 10 17 10
17 10 17 10 17 11 17 12
17 12 14 12 12 12 10 12
10 12 9 12 8 12 8 12
8 12 8 13 9 14 10 14
10 14 12 14 15 14 18 14
18 14 19 14 20 12 20 11
20 11 20 10 19 8 18 8
18 8 14 8 11 8 8 8
8 8 5 8 4 10 4 12
4 12 4 15 5 16 8 16
8 16 11 16 14 16 17 16
17 16 17 17 17 18 17 18
17 18 14 18 11 18 8 18
8 18 8 18 8 18 8 18
