size: 24.000000 x 24.000000
14 16 14 15 14 15 14 14
14 14 13 14 11 14 10 14
10 14 10 15 10 15 10 16
10 16 9 16 8 16 8 16
8 16 9 13 10 10 11 7
11 7 12 7 12 7 13 7
13 7 14 10 15 13 16 16
16 16 16 16 15 16 14 16
14 16 14 16 14 16 14 16
20 9 20 7 20 6 20 4
20 4 18 4 17 4 15 4
15 4 14 3 13 2 12 1
12 1 11 2 10 3 9 4
9 4 7 4 6 4 4 4
4 4 4 6 4 7 4 9
4 9 3 10 2 11 1 12
1 12 2 13 3 14 4 15
4 15 4 17 4 18 4 20
4 20 6 20 7 20 9 20
9 20 10 21 11 22 12 23
12 23 13 22 14 21 15 20
15 20 17 20 18 20 20 20
20 20 20 18 20 17 20 15
20 15 21 14 22 13 23 12
23 12 22 11 21 10 20 9
20 9 20 9 20 9 20 9
11 13 12 13 12 13 13 13
13 13 13 11 12 10 12 9
12 9 12 10 11 11 11 13
11 13 11 13 11 13 11 13
