size: 24.000000 x 24.000000
10 16 10 15 10 15 10 14
10 14 9 14 7 14 6 14
6 14 6 15 6 15 6 16
6 16 5 16 4 16 4 16
4 16 5 13 6 10 7 7
7 7 8 7 8 7 9 7
9 7 10 10 11 13 12 16
12 16 12 16 11 16 10 16
10 16 10 16 10 16 10 16
22 7 22 9 21 11 21 13
21 13 20 11 20 9 19 7
19 7 19 7 18 7 18 7
18 7 17 9 17 11 16 13
16 13 16 11 15 9 15 7
15 7 15 7 14 7 14 7
14 7 13 5 10 4 8 4
8 4 4 4 0 8 0 12
0 12 0 16 4 20 8 20
8 20 11 20 14 18 15 16
15 16 15 16 15 16 15 16
15 16 16 16 16 16 17 16
17 16 18 14 18 12 18 10
18 10 19 12 20 14 20 16
20 16 21 16 21 16 22 16
22 16 22 13 23 10 24 7
24 7 23 7 23 7 22 7
22 7 22 7 22 7 22 7
7 13 8 13 8 13 9 13
9 13 9 11 8 10 8 9
8 9 8 10 7 11 7 13
7 13 7 13 7 13 7 13
