size: 24.000000 x 24.000000
19 16 19 16 18 17 18 17
18 17 16 16 15 15 14 13
14 13 13 15 12 16 10 17
10 17 10 17 9 16 9 16
9 16 10 14 11 13 13 12
13 12 11 11 10 10 9 8
9 8 9 8 10 7 10 7
10 7 12 8 13 9 14 11
14 11 15 9 16 8 18 7
18 7 18 7 19 8 19 8
19 8 18 10 17 11 15 12
15 12 17 13 18 14 19 16
19 16 19 16 19 16 19 16
22 3 17 3 12 3 7 3
7 3 6 3 6 3 5 4
5 4 4 7 2 9 0 12
0 12 2 15 4 17 5 20
5 20 6 21 6 21 7 21
7 21 12 21 17 21 22 21
22 21 23 21 24 20 24 19
24 19 24 14 24 10 24 5
24 5 24 4 23 3 22 3
22 3 22 3 22 3 22 3
