size: 24.000000 x 24.000000
18 15 18 15 17 15 17 14
17 14 16 14 16 13 15 13
15 13 15 13 14 14 14 14
14 14 13 15 13 15 12 15
12 15 11 15 11 15 10 14
10 14 10 14 9 13 9 13
9 13 8 13 8 14 7 14
7 14 7 15 6 15 6 15
6 15 4 15 3 14 3 12
3 12 3 11 4 10 6 10
6 10 10 10 14 10 18 10
18 10 20 10 21 11 21 12
21 12 21 14 20 15 18 15
18 15 18 15 18 15 18 15
18 8 17 8 15 8 13 8
13 8 13 8 13 7 13 6
13 6 12 6 12 6 11 6
11 6 11 7 11 8 11 8
11 8 9 8 7 8 6 8
6 8 3 8 1 10 1 12
1 12 1 14 2 15 3 16
3 16 3 18 3 21 3 23
3 23 9 23 15 23 21 23
21 23 21 21 21 18 21 16
21 16 22 15 23 14 23 13
23 13 23 10 21 8 18 8
18 8 18 8 18 8 18 8
12 6 13 6 14 5 14 4
14 4 14 4 13 4 13 3
13 3 13 2 12 2 12 1
12 1 12 2 11 2 11 3
11 3 11 3 10 4 10 4
10 4 10 5 11 6 12 6
12 6 12 6 12 6 12 6
