size: 24.000000 x 24.000000
12 12 10 12 9 13 9 15
9 15 9 17 10 18 12 18
12 18 14 18 15 17 15 15
15 15 15 13 14 12 12 12
12 12 12 12 12 12 12 12
12 20 9 20 7 18 7 15
7 15 7 12 9 10 12 10
12 10 15 10 17 12 17 15
17 15 17 18 15 20 12 20
12 20 12 20 12 20 12 20
12 4 13 4 14 5 14 6
14 6 14 7 13 8 12 8
12 8 11 8 10 7 10 6
10 6 10 5 11 4 12 4
12 4 12 4 12 4 12 4
17 2 14 2 10 2 7 2
7 2 6 2 5 3 5 4
5 4 5 9 5 15 5 20
5 20 5 21 6 22 7 22
7 22 10 22 14 22 17 22
17 22 18 22 19 21 19 20
19 20 19 15 19 9 19 4
19 4 19 3 18 2 17 2
17 2 17 2 17 2 17 2
