size: 24.000000 x 24.000000
19 10 18 10 18 10 17 10
17 10 17 9 17 9 17 8
17 8 18 8 18 8 19 8
19 8 19 9 19 9 19 10
19 10 19 10 19 10 19 10
19 13 18 13 18 13 17 13
17 13 17 12 17 12 17 11
17 11 18 11 18 11 19 11
19 11 19 12 19 12 19 13
19 13 19 13 19 13 19 13
16 10 15 10 15 10 14 10
14 10 14 9 14 9 14 8
14 8 15 8 15 8 16 8
16 8 16 9 16 9 16 10
16 10 16 10 16 10 16 10
16 13 15 13 15 13 14 13
14 13 14 12 14 12 14 11
14 11 15 11 15 11 16 11
16 11 16 12 16 12 16 13
16 13 16 13 16 13 16 13
16 17 13 17 11 17 8 17
8 17 8 16 8 16 8 15
8 15 11 15 13 15 16 15
16 15 16 16 16 16 16 17
16 17 16 17 16 17 16 17
7 10 6 10 6 10 5 10
5 10 5 9 5 9 5 8
5 8 6 8 6 8 7 8
7 8 7 9 7 9 7 10
7 10 7 10 7 10 7 10
7 13 6 13 6 13 5 13
5 13 5 12 5 12 5 11
5 11 6 11 6 11 7 11
7 11 7 12 7 12 7 13
7 13 7 13 7 13 7 13
8 11 9 11 9 11 10 11
10 11 10 12 10 12 10 13
10 13 9 13 9 13 8 13
8 13 8 12 8 12 8 11
8 11 8 11 8 11 8 11
8 8 9 8 9 8 10 8
10 8 10 9 10 9 10 10
10 10 9 10 9 10 8 10
8 10 8 9 8 9 8 8
8 8 8 8 8 8 8 8
11 11 12 11 12 11 13 11
13 11 13 12 13 12 13 13
13 13 12 13 12 13 11 13
11 13 11 12 11 12 11 11
11 11 11 11 11 11 11 11
11 8 12 8 12 8 13 8
13 8 13 9 13 9 13 10
13 10 12 10 12 10 11 10
11 10 11 9 11 9 11 8
11 8 11 8 11 8 11 8
20 5 15 5 9 5 4 5
4 5 3 5 2 6 2 7
2 7 2 10 2 14 2 17
2 17 2 18 3 19 4 19
4 19 9 19 15 19 20 19
20 19 21 19 22 18 22 17
22 17 22 14 22 10 22 7
22 7 22 6 21 5 20 5
20 5 20 5 20 5 20 5
