size: 24.000000 x 24.000000
14 13 13 13 11 13 10 13
10 13 9 13 9 13 9 14
9 14 9 15 9 15 10 15
10 15 11 15 13 15 14 15
14 15 15 15 15 15 15 14
15 14 15 13 15 13 14 13
14 13 14 13 14 13 14 13
10 10 11 10 12 10 13 10
13 10 13 10 14 10 14 9
14 9 14 8 13 8 13 8
13 8 12 8 11 8 10 8
10 8 9 8 9 8 9 9
9 9 9 10 9 10 10 10
10 10 10 10 10 10 10 10
16 9 16 9 16 10 16 10
16 10 16 11 16 11 17 11
17 11 18 11 18 11 18 12
18 12 18 13 18 14 18 15
18 15 18 17 17 18 15 18
15 18 13 18 11 18 9 18
9 18 7 18 6 17 6 15
6 15 6 13 6 10 6 8
6 8 6 6 7 5 9 5
9 5 10 5 12 5 13 5
13 5 15 5 16 6 16 8
16 8 16 8 16 9 16 9
16 9 16 9 16 9 16 9
20 2 15 2 9 2 4 2
4 2 3 2 2 3 2 4
2 4 2 9 2 15 2 20
2 20 2 21 3 22 4 22
4 22 9 22 15 22 20 22
20 22 21 22 22 21 22 20
22 20 22 15 22 9 22 4
22 4 22 3 21 2 20 2
20 2 20 2 20 2 20 2
