size: 24.000000 x 24.000000
13 16 12 17 12 18 11 18
11 18 11 17 11 16 11 14
11 14 12 15 12 16 13 16
13 16 13 16 13 16 13 16
11 6 12 6 12 7 13 8
13 8 12 8 12 9 11 10
11 10 11 8 11 7 11 6
11 6 11 6 11 6 11 6
16 8 14 6 12 4 10 2
10 2 10 2 9 2 9 2
9 2 9 5 9 7 9 10
9 10 7 8 6 7 4 5
4 5 4 5 3 6 3 6
3 6 5 8 7 10 9 12
9 12 7 14 5 16 3 18
3 18 3 18 4 19 4 19
4 19 6 17 7 16 9 14
9 14 9 17 9 19 9 22
9 22 9 22 10 22 10 22
10 22 12 20 14 18 16 16
16 16 14 15 13 13 11 12
11 12 13 11 14 9 16 8
16 8 16 8 16 8 16 8
20 7 19 7 19 8 18 8
18 8 19 9 19 11 19 12
19 12 19 13 19 15 18 16
18 16 19 16 19 17 20 17
20 17 20 16 21 14 21 12
21 12 21 10 20 8 20 7
20 7 20 7 20 7 20 7
14 12 15 13 16 14 16 14
16 14 17 14 17 13 17 12
17 12 17 11 17 10 16 10
16 10 16 10 15 11 14 12
14 12 14 12 14 12 14 12
