size: 24.000000 x 24.000000
15 16 14 17 14 18 13 18
13 18 13 17 13 16 13 14
13 14 14 15 14 16 15 16
15 16 15 16 15 16 15 16
13 6 14 6 14 7 15 8
15 8 14 8 14 9 13 10
13 10 13 8 13 7 13 6
13 6 13 6 13 6 13 6
18 8 16 6 14 4 12 2
12 2 12 2 11 2 11 2
11 2 11 5 11 7 11 10
11 10 9 8 8 7 6 5
6 5 6 5 5 6 5 6
5 6 7 8 9 10 11 12
11 12 9 14 7 16 5 18
5 18 5 18 6 19 6 19
6 19 8 17 9 16 11 14
11 14 11 17 11 19 11 22
11 22 11 22 12 22 12 22
12 22 14 20 16 18 18 16
18 16 16 15 15 13 13 12
13 12 15 11 16 9 18 8
18 8 18 8 18 8 18 8
