size: 24.000000 x 24.000000
15 14 14 15 14 16 13 16
13 16 13 15 13 14 13 12
13 12 14 13 14 14 15 14
15 14 15 14 15 14 15 14
13 4 14 4 14 5 15 6
15 6 14 6 14 7 13 8
13 8 13 6 13 5 13 4
13 4 13 4 13 4 13 4
18 6 16 4 14 2 12 0
12 0 12 0 11 0 11 0
11 0 11 3 11 5 11 8
11 8 9 6 8 5 6 3
6 3 6 3 5 4 5 4
5 4 7 6 9 8 11 10
11 10 9 12 7 14 5 16
5 16 5 16 6 17 6 17
6 17 8 15 9 14 11 12
11 12 11 15 11 17 11 20
11 20 11 20 12 20 12 20
12 20 14 18 16 16 18 14
18 14 16 13 15 11 13 10
13 10 15 9 16 7 18 6
18 6 18 6 18 6 18 6
15 24 16 24 16 24 17 24
17 24 17 23 17 23 17 22
17 22 16 22 16 22 15 22
15 22 15 23 15 23 15 24
15 24 15 24 15 24 15 24
7 24 8 24 8 24 9 24
9 24 9 23 9 23 9 22
9 22 8 22 8 22 7 22
7 22 7 23 7 23 7 24
7 24 7 24 7 24 7 24
11 24 12 24 12 24 13 24
13 24 13 23 13 23 13 22
13 22 12 22 12 22 11 22
11 22 11 23 11 23 11 24
11 24 11 24 11 24 11 24
