size: 24.000000 x 24.000000
12 15 11 16 9 17 8 18
8 18 9 16 9 15 9 13
9 13 8 12 7 11 6 11
6 11 7 10 9 10 10 10
10 10 11 9 11 7 12 6
12 6 13 7 13 9 14 10
14 10 15 10 17 10 18 11
18 11 17 11 16 12 15 13
15 13 15 15 15 16 16 18
16 18 15 17 13 16 12 15
12 15 12 15 12 15 12 15
22 9 20 9 17 9 15 9
15 9 14 6 13 4 12 2
12 2 11 4 10 6 9 9
9 9 7 9 4 9 2 9
2 9 4 11 6 12 7 14
7 14 7 16 6 19 6 21
6 21 8 20 10 19 12 17
12 17 14 19 16 20 18 21
18 21 18 19 17 16 17 14
17 14 18 12 20 11 22 9
22 9 22 9 22 9 22 9
