size: 24.000000 x 24.000000
18 8 14 8 10 8 6 8
6 8 6 7 6 7 6 6
6 6 10 6 14 6 18 6
18 6 18 7 18 7 18 8
18 8 18 8 18 8 18 8
18 11 14 11 10 11 6 11
6 11 6 10 6 10 6 9
6 9 10 9 14 9 18 9
18 9 18 10 18 10 18 11
18 11 18 11 18 11 18 11
18 14 14 14 10 14 6 14
6 14 6 13 6 13 6 12
6 12 10 12 14 12 18 12
18 12 18 13 18 13 18 14
18 14 18 14 18 14 18 14
20 2 15 2 9 2 4 2
4 2 3 2 2 3 2 4
2 4 2 10 2 16 2 22
2 22 3 21 5 19 6 18
6 18 11 18 15 18 20 18
20 18 21 18 22 17 22 16
22 16 22 12 22 8 22 4
22 4 22 3 21 2 20 2
20 2 20 2 20 2 20 2
