size: 24.000000 x 24.000000
14 12 13 12 11 12 10 12
10 12 10 11 10 11 10 10
10 10 11 10 13 10 14 10
14 10 14 11 14 11 14 12
14 12 14 12 14 12 14 12
14 16 13 16 11 16 10 16
10 16 10 15 10 15 10 14
10 14 11 14 13 14 14 14
14 14 14 15 14 15 14 16
14 16 14 16 14 16 14 16
20 8 19 8 18 8 17 8
17 8 17 7 16 6 15 6
15 6 16 5 16 5 17 4
17 4 17 4 16 3 16 3
16 3 15 4 14 4 13 5
13 5 13 5 12 5 12 5
12 5 12 5 11 5 11 5
11 5 10 4 9 4 8 3
8 3 8 3 7 4 7 4
7 4 8 5 8 5 9 6
9 6 8 6 7 7 7 8
7 8 6 8 5 8 4 8
4 8 4 9 4 9 4 10
4 10 5 10 5 10 6 10
6 10 6 10 6 11 6 11
6 11 6 11 6 12 6 12
6 12 5 12 5 12 4 12
4 12 4 13 4 13 4 14
4 14 5 14 5 14 6 14
6 14 6 14 6 15 6 15
6 15 6 15 6 16 6 16
6 16 5 16 5 16 4 16
4 16 4 17 4 17 4 18
4 18 5 18 6 18 7 18
7 18 8 20 10 21 12 21
12 21 14 21 16 20 17 18
17 18 18 18 19 18 20 18
20 18 20 17 20 17 20 16
20 16 19 16 19 16 18 16
18 16 18 16 18 15 18 15
18 15 18 15 18 14 18 14
18 14 19 14 19 14 20 14
20 14 20 13 20 13 20 12
20 12 19 12 19 12 18 12
18 12 18 12 18 11 18 11
18 11 18 11 18 10 18 10
18 10 19 10 19 10 20 10
20 10 20 9 20 9 20 8
20 8 20 8 20 8 20 8
