size: 24.000000 x 24.000000
20 16 19 16 18 15 16 15
16 15 16 15 16 15 15 15
15 15 15 16 14 17 13 17
13 17 10 16 8 13 7 11
7 11 7 10 8 9 9 8
9 8 9 8 9 8 9 7
9 7 9 6 8 5 8 4
8 4 8 3 8 3 8 3
8 3 6 3 5 3 4 3
4 3 3 3 3 3 3 4
3 4 3 13 11 21 20 21
20 21 21 21 21 21 21 20
21 20 21 19 21 18 21 16
21 16 21 16 21 16 20 16
20 16 20 16 20 16 20 16
18 11 20 9 21 8 23 6
23 6 21 4 20 3 18 1
18 1 18 2 18 3 18 4
18 4 17 4 15 4 14 4
14 4 14 5 14 7 14 8
14 8 15 8 17 8 18 8
18 8 18 9 18 10 18 11
18 11 18 11 18 11 18 11
