size: 24.000000 x 24.000000
14 15 12 17 11 20 10 22
10 22 10 22 11 22 12 22
12 22 14 22 17 21 18 20
18 20 17 18 16 16 15 13
15 13 14 14 14 14 14 15
14 15 14 15 14 15 14 15
2 15 3 18 6 20 8 21
8 21 10 19 11 17 12 15
12 15 9 15 6 15 2 15
2 15 2 15 2 15 2 15
8 12 7 10 6 7 5 5
5 5 3 7 2 9 2 12
2 12 2 13 2 13 2 14
2 14 5 14 7 14 10 14
10 14 9 13 9 13 8 12
8 12 8 12 8 12 8 12
22 10 19 10 17 10 14 10
14 10 14 10 14 10 15 10
15 10 16 13 18 16 19 19
19 19 21 17 22 15 22 12
22 12 22 11 22 11 22 10
22 10 22 10 22 10 22 10
22 9 21 6 18 4 16 3
16 3 14 5 13 7 12 9
12 9 15 9 18 9 22 9
22 9 22 9 22 9 22 9
9 10 11 8 13 5 14 2
14 2 14 2 13 2 12 2
12 2 10 2 7 3 6 4
6 4 7 6 8 8 9 11
9 11 9 11 9 11 9 10
9 10 9 10 9 10 9 10
