size: 24.000000 x 24.000000
5 13 6 11 6 10 6 9
6 9 7 10 7 11 8 13
8 13 7 13 6 13 5 13
5 13 5 13 5 13 5 13
6 7 4 10 3 13 2 16
2 16 3 16 4 16 4 16
4 16 4 15 5 15 5 14
5 14 6 14 7 14 8 14
8 14 8 15 9 15 9 16
9 16 9 16 10 16 11 16
11 16 10 13 9 10 8 7
8 7 7 7 6 7 6 7
6 7 6 7 6 7 6 7
11 20 15 20 18 20 22 20
22 20 22 19 22 19 22 18
22 18 18 18 15 18 11 18
11 18 11 19 11 19 11 20
11 20 11 20 11 20 11 20
14 16 16 16 17 16 19 16
19 16 19 14 19 13 19 11
19 11 20 11 21 11 22 11
22 11 20 9 18 7 16 6
16 6 15 7 13 9 11 11
11 11 12 11 13 11 14 11
14 11 14 13 14 14 14 16
14 16 14 16 14 16 14 16
