size: 24.000000 x 24.000000
5 11 6 10 6 8 6 6
6 6 10 6 14 6 18 6
18 6 18 8 18 10 19 11
19 11 14 11 10 11 5 11
5 11 5 11 5 11 5 11
18 16 17 16 16 15 16 14
16 14 16 14 17 13 18 13
18 13 18 13 19 14 19 14
19 14 19 15 18 16 18 16
18 16 18 16 18 16 18 16
6 16 6 16 5 15 5 14
5 14 5 14 6 13 6 13
6 13 7 13 8 14 8 14
8 14 8 15 7 16 6 16
6 16 6 16 6 16 6 16
19 6 19 5 18 5 18 5
18 5 14 5 10 5 6 5
6 5 6 5 5 5 5 6
5 6 4 8 4 10 3 12
3 12 3 15 3 17 3 20
3 20 3 21 3 21 4 21
4 21 4 21 5 21 5 21
5 21 6 21 6 21 6 20
6 20 6 20 6 19 6 19
6 19 10 19 14 19 18 19
18 19 18 19 18 20 18 20
18 20 18 21 18 21 19 21
19 21 19 21 20 21 20 21
20 21 21 21 21 21 21 20
21 20 21 17 21 15 21 12
21 12 20 10 20 8 19 6
19 6 19 6 19 6 19 6
