size: 24.000000 x 24.000000
5 10 6 8 6 7 6 6
6 6 10 6 14 6 18 6
18 6 18 7 18 8 19 10
19 10 14 10 10 10 5 10
5 10 5 10 5 10 5 10
18 15 17 15 16 14 16 14
16 14 16 13 17 12 18 12
18 12 18 12 19 13 19 14
19 14 19 14 18 15 18 15
18 15 18 15 18 15 18 15
6 15 6 15 5 14 5 14
5 14 5 13 6 12 6 12
6 12 7 12 8 13 8 14
8 14 8 14 7 15 6 15
6 15 6 15 6 15 6 15
19 5 19 4 18 4 18 4
18 4 14 4 10 4 6 4
6 4 6 4 5 4 5 5
5 5 4 7 4 9 3 11
3 11 3 14 3 16 3 19
3 19 3 20 3 20 4 20
4 20 4 20 5 20 5 20
5 20 6 20 6 20 6 19
6 19 6 19 6 18 6 18
6 18 10 18 14 18 18 18
18 18 18 18 18 19 18 19
18 19 18 20 18 20 19 20
19 20 19 20 20 20 20 20
20 20 21 20 21 20 21 19
21 19 21 16 21 14 21 11
21 11 20 9 20 7 19 5
19 5 19 5 19 5 19 5
