size: 24.000000 x 24.000000
16 19 13 19 11 19 8 19
8 19 8 14 8 10 8 5
8 5 11 5 13 5 16 5
16 5 16 10 16 14 16 19
16 19 16 19 16 19 16 19
16 3 14 3 10 3 8 3
8 3 7 3 6 4 6 4
6 4 6 10 6 14 6 20
6 20 6 20 7 21 8 21
8 21 10 21 14 21 16 21
16 21 17 21 18 20 18 20
18 20 18 14 18 10 18 4
18 4 18 4 17 3 16 3
16 3 16 3 16 3 16 3
19 17 20 17 20 17 21 17
21 17 21 14 21 10 21 7
21 7 20 7 20 7 19 7
19 7 19 10 19 14 19 17
19 17 19 17 19 17 19 17
22 9 22 11 22 13 22 15
22 15 23 15 23 15 24 15
24 15 24 13 24 11 24 9
24 9 23 9 23 9 22 9
22 9 22 9 22 9 22 9
3 17 4 17 4 17 5 17
5 17 5 14 5 10 5 7
5 7 4 7 4 7 3 7
3 7 3 10 3 14 3 17
3 17 3 17 3 17 3 17
0 15 1 15 1 15 2 15
2 15 2 13 2 11 2 9
2 9 1 9 1 9 0 9
0 9 0 11 0 13 0 15
0 15 0 15 0 15 0 15
