size: 24.000000 x 24.000000
15 24 16 24 16 24 17 24
17 24 17 23 17 23 17 22
17 22 16 22 16 22 15 22
15 22 15 23 15 23 15 24
15 24 15 24 15 24 15 24
17 4 16 5 16 5 15 6
15 6 17 7 18 9 18 11
18 11 18 14 15 17 12 17
12 17 9 17 6 14 6 11
6 11 6 9 7 7 9 6
9 6 8 5 8 5 7 4
7 4 5 6 4 8 4 11
4 11 4 15 8 19 12 19
12 19 16 19 20 15 20 11
20 11 20 8 19 6 17 4
17 4 17 4 17 4 17 4
13 2 12 2 12 2 11 2
11 2 11 5 11 9 11 12
11 12 12 12 12 12 13 12
13 12 13 9 13 5 13 2
13 2 13 2 13 2 13 2
11 24 12 24 12 24 13 24
13 24 13 23 13 23 13 22
13 22 12 22 12 22 11 22
11 22 11 23 11 23 11 24
11 24 11 24 11 24 11 24
7 24 8 24 8 24 9 24
9 24 9 23 9 23 9 22
9 22 8 22 8 22 7 22
7 22 7 23 7 23 7 24
7 24 7 24 7 24 7 24
