size: 24.000000 x 24.000000
18 19 17 19 16 18 16 17
16 17 16 16 17 15 18 15
18 15 19 15 20 16 20 17
20 17 20 18 19 19 18 19
18 19 18 19 18 19 18 19
18 13 16 13 14 15 14 17
14 17 14 19 16 21 18 21
18 21 20 21 22 19 22 17
22 17 22 15 20 13 18 13
18 13 18 13 18 13 18 13
12 11 11 11 10 12 10 13
10 13 10 14 11 15 12 15
12 15 13 15 14 14 14 13
14 13 14 12 13 11 12 11
12 11 12 11 12 11 12 11
6 19 5 19 4 18 4 17
4 17 4 16 5 15 6 15
6 15 7 15 8 16 8 17
8 17 8 18 7 19 6 19
6 19 6 19 6 19 6 19
6 13 4 13 2 15 2 17
2 17 2 19 4 21 6 21
6 21 8 21 10 19 10 17
10 17 10 15 8 13 6 13
6 13 6 13 6 13 6 13
12 4 13 4 14 5 14 6
14 6 14 7 13 8 12 8
12 8 11 8 10 7 10 6
10 6 10 5 11 4 12 4
12 4 12 4 12 4 12 4
12 10 14 10 16 8 16 6
16 6 16 4 14 2 12 2
12 2 10 2 8 4 8 6
8 6 8 8 10 10 12 10
12 10 12 10 12 10 12 10
