size: 24.000000 x 24.000000
19 15 18 15 18 15 17 15
17 15 17 14 17 14 17 13
17 13 18 13 18 13 19 13
19 13 19 14 19 14 19 15
19 15 19 15 19 15 19 15
19 19 18 19 18 19 17 19
17 19 17 18 17 18 17 17
17 17 18 17 18 17 19 17
19 17 19 18 19 18 19 19
19 19 19 19 19 19 19 19
13 7 12 7 12 7 11 7
11 7 11 6 11 6 11 5
11 5 12 5 12 5 13 5
13 5 13 6 13 6 13 7
13 7 13 7 13 7 13 7
13 11 12 11 12 11 11 11
11 11 11 10 11 10 11 9
11 9 12 9 12 9 13 9
13 9 13 10 13 10 13 11
13 11 13 11 13 11 13 11
13 15 12 15 12 15 11 15
11 15 11 14 11 14 11 13
11 13 12 13 12 13 13 13
13 13 13 14 13 14 13 15
13 15 13 15 13 15 13 15
13 19 12 19 12 19 11 19
11 19 11 18 11 18 11 17
11 17 12 17 12 17 13 17
13 17 13 18 13 18 13 19
13 19 13 19 13 19 13 19
7 11 6 11 6 11 5 11
5 11 5 10 5 10 5 9
5 9 6 9 6 9 7 9
7 9 7 10 7 10 7 11
7 11 7 11 7 11 7 11
7 15 6 15 6 15 5 15
5 15 5 14 5 14 5 13
5 13 6 13 6 13 7 13
7 13 7 14 7 14 7 15
7 15 7 15 7 15 7 15
7 19 6 19 6 19 5 19
5 19 5 18 5 18 5 17
5 17 6 17 6 17 7 17
7 17 7 18 7 18 7 19
7 19 7 19 7 19 7 19
15 11 15 9 15 7 15 5
15 5 14 4 13 3 12 2
12 2 11 3 10 4 9 5
9 5 9 6 9 6 9 7
9 7 7 7 5 7 3 7
3 7 3 12 3 16 3 21
3 21 9 21 15 21 21 21
21 21 21 18 21 14 21 11
21 11 19 11 17 11 15 11
15 11 15 11 15 11 15 11
