size: 24.000000 x 24.000000
19 20 14 20 10 20 5 20
5 20 5 15 5 9 5 4
5 4 6 4 6 4 7 4
7 4 7 5 7 6 7 7
7 7 10 7 14 7 17 7
17 7 17 6 17 5 17 4
17 4 18 4 18 4 19 4
19 4 19 9 19 15 19 20
19 20 19 20 19 20 19 20
12 2 13 2 13 2 13 3
13 3 13 4 13 4 12 4
12 4 11 4 11 4 11 3
11 3 11 2 11 2 12 2
12 2 12 2 12 2 12 2
19 2 18 2 16 2 15 2
15 2 14 1 13 0 12 0
12 0 11 0 10 1 9 2
9 2 8 2 6 2 5 2
5 2 4 2 3 3 3 4
3 4 3 9 3 15 3 20
3 20 3 21 4 22 5 22
5 22 10 22 14 22 19 22
19 22 20 22 21 21 21 20
21 20 21 15 21 9 21 4
21 4 21 3 20 2 19 2
19 2 19 2 19 2 19 2
