size: 24.000000 x 24.000000
18 11 18 11 17 11 16 11
16 11 16 11 16 11 16 10
16 10 16 10 15 10 14 10
14 10 14 12 14 12 14 14
14 14 15 14 16 14 16 14
16 14 16 13 16 13 16 13
16 13 17 13 18 13 18 13
18 13 18 13 18 14 18 14
18 14 18 15 18 15 17 15
17 15 16 15 15 15 14 15
14 15 13 15 13 15 13 14
13 14 13 13 13 11 13 10
13 10 13 9 13 9 14 9
14 9 15 9 16 9 17 9
17 9 18 9 18 9 18 10
18 10 18 10 18 11 18 11
18 11 18 11 18 11 18 11
11 11 10 11 10 11 10 11
10 11 10 11 10 11 10 10
10 10 9 10 8 10 8 10
8 10 8 12 8 12 8 14
8 14 8 14 9 14 10 14
10 14 10 13 10 13 10 13
10 13 10 13 10 13 11 13
11 13 11 13 11 14 11 14
11 14 11 15 11 15 10 15
10 15 9 15 8 15 7 15
7 15 6 15 6 15 6 14
6 14 6 13 6 11 6 10
6 10 6 9 6 9 7 9
7 9 8 9 9 9 10 9
10 9 11 9 11 9 11 10
11 10 11 10 11 11 11 11
11 11 11 11 11 11 11 11
19 4 14 4 10 4 5 4
5 4 4 4 3 5 3 6
3 6 3 10 3 14 3 18
3 18 3 19 4 20 5 20
5 20 10 20 14 20 19 20
19 20 20 20 21 19 21 18
21 18 21 14 21 10 21 6
21 6 21 5 20 4 19 4
19 4 19 4 19 4 19 4
