size: 24.000000 x 24.000000
8 10 10 13 13 15 16 18
16 18 12 18 9 18 6 18
6 18 4 18 2 16 2 14
2 14 2 12 4 10 6 10
6 10 7 10 7 10 8 10
8 10 8 10 8 10 8 10
3 5 4 6 5 7 6 8
6 8 3 8 0 11 0 14
0 14 0 17 3 20 6 20
6 20 10 20 14 20 18 20
18 20 18 21 19 21 20 22
20 22 20 22 21 21 21 21
21 21 15 15 10 10 4 4
4 4 4 4 3 5 3 5
3 5 3 5 3 5 3 5
19 10 19 7 16 4 12 4
12 4 10 4 9 4 8 5
8 5 8 6 9 6 10 7
10 7 10 6 11 6 12 6
12 6 15 6 18 8 18 12
18 12 18 12 18 12 18 12
18 12 18 12 18 12 19 12
19 12 21 12 22 13 22 15
22 15 22 16 21 17 20 18
20 18 21 18 21 19 22 19
22 19 23 18 24 17 24 15
24 15 24 12 22 10 19 10
19 10 19 10 19 10 19 10
