size: 24.000000 x 24.000000
13 13 11 13 7 14 7 16
7 16 7 17 7 17 7 18
7 18 11 18 15 18 19 18
19 18 19 17 19 17 19 16
19 16 19 14 15 13 13 13
13 13 13 13 13 13 13 13
20 13 20 14 21 15 21 16
21 16 21 17 21 17 21 18
21 18 22 18 23 18 24 18
24 18 24 17 24 17 24 16
24 16 24 14 22 14 20 13
20 13 20 13 20 13 20 13
13 11 15 11 16 10 16 8
16 8 16 6 15 5 13 5
13 5 11 5 10 6 10 8
10 8 10 10 11 11 13 11
13 11 13 11 13 11 13 11
18 11 20 11 21 10 21 8
21 8 21 6 20 5 18 5
18 5 18 5 17 5 17 5
17 5 18 6 18 7 18 8
18 8 18 9 18 10 17 11
17 11 17 11 18 11 18 11
18 11 18 11 18 11 18 11
8 10 7 10 6 10 5 10
5 10 5 9 5 8 5 7
5 7 4 7 4 7 3 7
3 7 3 8 3 9 3 10
3 10 2 10 1 10 0 10
0 10 0 11 0 11 0 12
0 12 1 12 2 12 3 12
3 12 3 13 3 14 3 15
3 15 4 15 4 15 5 15
5 15 5 14 5 13 5 12
5 12 6 12 7 12 8 12
8 12 8 11 8 11 8 10
8 10 8 10 8 10 8 10
