size: 24.000000 x 24.000000
7 17 7 12 7 6 7 1
7 1 6 1 6 1 5 1
5 1 5 2 5 4 5 5
5 5 4 5 2 5 1 5
1 5 1 6 1 6 1 7
1 7 2 7 4 7 5 7
5 7 5 10 5 14 5 17
5 17 5 18 6 19 7 19
7 19 10 19 14 19 17 19
17 19 17 20 17 22 17 23
17 23 18 23 18 23 19 23
19 23 19 22 19 20 19 19
19 19 20 19 22 19 23 19
23 19 23 18 23 18 23 17
23 17 18 17 12 17 7 17
7 17 7 17 7 17 7 17
17 15 18 15 18 15 19 15
19 15 19 12 19 10 19 7
19 7 19 6 18 5 17 5
17 5 14 5 12 5 9 5
9 5 9 6 9 6 9 7
9 7 12 7 14 7 17 7
17 7 17 10 17 12 17 15
17 15 17 15 17 15 17 15
