size: 24.000000 x 24.000000
19 3 18 3 16 3 15 3
15 3 15 4 15 4 15 5
15 5 16 5 18 5 19 5
19 5 19 6 19 8 19 9
19 9 20 9 20 9 21 9
21 9 21 8 21 6 21 5
21 5 21 4 20 3 19 3
19 3 19 3 19 3 19 3
19 19 18 19 16 19 15 19
15 19 15 20 15 20 15 21
15 21 16 21 18 21 19 21
19 21 20 21 21 20 21 19
21 19 21 18 21 16 21 15
21 15 20 15 20 15 19 15
19 15 19 16 19 18 19 19
19 19 19 19 19 19 19 19
5 15 4 15 4 15 3 15
3 15 3 16 3 18 3 19
3 19 3 20 4 21 5 21
5 21 6 21 8 21 9 21
9 21 9 20 9 20 9 19
9 19 8 19 6 19 5 19
5 19 5 18 5 16 5 15
5 15 5 15 5 15 5 15
3 5 3 6 3 8 3 9
3 9 4 9 4 9 5 9
5 9 5 8 5 6 5 5
5 5 6 5 8 5 9 5
9 5 9 4 9 4 9 3
9 3 8 3 6 3 5 3
5 3 4 3 3 4 3 5
3 5 3 5 3 5 3 5
