size: 24.000000 x 24.000000
23 3 22 3 20 3 19 3
19 3 17 5 15 7 13 9
13 9 14 10 14 10 15 11
15 11 18 8 20 6 23 3
23 3 23 3 23 3 23 3
12 12 12 12 12 12 12 12
12 12 12 12 12 12 12 12
12 12 12 12 12 12 12 12
12 12 12 12 12 12 12 12
12 12 12 12 12 12 12 12
6 20 5 20 4 19 4 18
4 18 4 17 5 16 6 16
6 16 7 16 8 17 8 18
8 18 8 19 7 20 6 20
6 20 6 20 6 20 6 20
6 8 5 8 4 7 4 6
4 6 4 5 5 4 6 4
6 4 7 4 8 5 8 6
8 6 8 7 7 8 6 8
6 8 6 8 6 8 6 8
10 6 10 4 8 2 6 2
6 2 4 2 2 4 2 6
2 6 2 8 4 10 6 10
6 10 7 10 7 10 8 10
8 10 8 10 9 11 10 12
10 12 9 13 8 14 8 14
8 14 7 14 7 14 6 14
6 14 4 14 2 16 2 18
2 18 2 20 4 22 6 22
6 22 8 22 10 20 10 18
10 18 10 17 10 17 10 16
10 16 10 16 11 15 12 14
12 14 14 16 17 19 19 21
19 21 20 21 22 21 23 21
23 21 19 17 14 12 10 8
10 8 10 7 10 7 10 6
10 6 10 6 10 6 10 6
