size: 24.000000 x 24.000000
17 19 14 19 10 19 7 19
7 19 7 18 7 18 7 17
7 17 6 17 6 17 5 17
5 17 5 18 5 20 5 21
5 21 5 22 6 23 7 23
7 23 10 23 14 23 17 23
17 23 18 23 19 22 19 21
19 21 19 20 19 18 19 17
19 17 18 17 18 17 17 17
17 17 17 18 17 18 17 19
17 19 17 19 17 19 17 19
10 15 9 14 8 13 7 12
7 12 8 11 9 10 10 9
10 9 10 8 9 8 9 7
9 7 7 9 6 10 4 12
4 12 6 14 7 15 9 17
9 17 9 16 10 16 10 15
10 15 10 15 10 15 10 15
15 17 17 15 18 14 20 12
20 12 18 10 17 9 15 7
15 7 15 8 14 8 14 9
14 9 15 10 16 11 17 12
17 12 16 13 15 14 14 15
14 15 14 16 15 16 15 17
15 17 15 17 15 17 15 17
7 5 10 5 14 5 17 5
17 5 17 6 17 6 17 7
17 7 18 7 18 7 19 7
19 7 19 6 19 4 19 3
19 3 19 2 18 1 17 1
17 1 14 1 10 1 7 1
7 1 6 1 5 2 5 3
5 3 5 4 5 6 5 7
5 7 6 7 6 7 7 7
7 7 7 6 7 6 7 5
7 5 7 5 7 5 7 5
