size: 24.000000 x 24.000000
17 1 14 1 10 1 7 1
7 1 6 1 5 2 5 3
5 3 5 5 5 8 5 10
5 10 6 11 6 11 7 11
7 11 7 9 7 7 7 5
7 5 10 5 14 5 17 5
17 5 17 9 17 14 17 18
17 18 16 18 15 18 14 18
14 18 14 19 15 21 15 22
15 22 16 22 16 22 17 22
17 22 18 22 19 21 19 20
19 20 19 14 19 9 19 3
19 3 19 2 18 1 17 1
17 1 17 1 17 1 17 1
2 12 2 13 2 13 2 14
2 14 7 14 11 18 11 23
11 23 12 23 12 23 13 23
13 23 13 17 8 12 2 12
2 12 2 12 2 12 2 12
2 20 2 21 2 22 2 23
2 23 3 23 4 23 5 23
5 23 5 21 4 20 2 20
2 20 2 20 2 20 2 20
2 16 2 17 2 17 2 18
2 18 5 18 7 20 7 23
7 23 8 23 8 23 9 23
9 23 9 19 6 16 2 16
2 16 2 16 2 16 2 16
