size: 24.000000 x 24.000000
5 5 5 5 6 4 6 4
6 4 10 4 14 4 18 4
18 4 18 4 18 5 19 5
19 5 14 5 10 5 5 5
5 5 5 5 5 5 5 5
12 18 10 16 8 14 6 12
6 12 8 12 9 12 10 12
10 12 10 11 10 11 10 10
10 10 11 10 13 10 14 10
14 10 14 11 14 11 14 12
14 12 15 12 16 12 18 12
18 12 16 14 14 16 12 18
12 18 12 18 12 18 12 18
20 5 20 5 20 4 19 3
19 3 19 3 18 3 18 3
18 3 14 3 10 3 6 3
6 3 6 3 5 3 5 4
5 4 4 4 4 5 4 5
4 5 3 6 3 6 3 6
3 6 3 11 3 15 3 19
3 19 3 20 4 21 5 21
5 21 10 21 14 21 19 21
19 21 20 21 21 20 21 19
21 19 21 15 21 11 21 6
21 6 21 6 21 6 20 5
20 5 20 5 20 5 20 5
