size: 24.000000 x 24.000000
16 14 16 13 16 13 16 12
16 12 16 11 16 11 16 10
16 10 18 10 19 10 20 10
20 10 20 11 20 11 20 12
20 12 20 13 20 13 20 14
20 14 19 14 18 14 16 14
16 14 16 14 16 14 16 14
15 20 15 18 16 17 16 16
16 16 17 16 18 16 19 16
19 16 18 18 16 19 15 20
15 20 15 20 15 20 15 20
14 14 13 14 11 14 10 14
10 14 10 13 10 13 10 12
10 12 10 11 10 11 10 10
10 10 11 10 13 10 14 10
14 10 14 11 15 11 15 12
15 12 15 13 14 13 14 14
14 14 14 14 14 14 14 14
12 20 11 19 10 18 10 16
10 16 11 16 13 16 14 16
14 16 14 17 13 19 12 20
12 20 12 20 12 20 12 20
8 8 7 8 6 8 5 8
5 8 6 6 8 5 9 4
9 4 9 6 8 7 8 8
8 8 8 8 8 8 8 8
5 16 6 16 7 16 8 16
8 16 8 17 9 18 9 20
9 20 8 19 6 18 5 16
5 16 5 16 5 16 5 16
4 14 4 13 4 13 4 12
4 12 4 11 4 11 4 10
4 10 5 10 7 10 8 10
8 10 8 11 8 11 8 12
8 12 8 13 8 13 8 14
8 14 7 14 5 14 4 14
4 14 4 14 4 14 4 14
12 4 13 5 14 6 14 8
14 8 13 8 11 8 10 8
10 8 10 7 11 5 12 4
12 4 12 4 12 4 12 4
19 8 18 8 17 8 16 8
16 8 16 7 15 6 15 4
15 4 16 5 18 6 19 8
19 8 19 8 19 8 19 8
12 2 6 2 2 6 2 12
2 12 2 18 6 22 12 22
12 22 18 22 22 18 22 12
22 12 22 6 18 2 12 2
12 2 12 2 12 2 12 2
