size: 24.000000 x 24.000000
16 10 15 10 15 10 14 10
14 10 14 9 14 8 14 7
14 7 13 7 11 7 10 7
10 7 10 8 10 9 10 10
10 10 9 10 9 10 8 10
8 10 9 11 11 13 12 14
12 14 13 13 15 11 16 10
16 10 16 10 16 10 16 10
19 15 18 15 16 15 15 15
15 15 15 17 14 18 12 18
12 18 10 18 9 17 9 15
9 15 8 15 6 15 5 15
5 15 5 12 5 8 5 5
5 5 10 5 14 5 19 5
19 5 19 8 19 12 19 15
19 15 19 15 19 15 19 15
19 3 14 3 10 3 5 3
5 3 4 3 3 4 3 5
3 5 3 10 3 14 3 19
3 19 3 20 4 21 5 21
5 21 10 21 14 21 19 21
19 21 20 21 21 20 21 19
21 19 21 14 21 10 21 5
21 5 21 4 20 3 19 3
19 3 19 3 19 3 19 3
