size: 24.000000 x 24.000000
12 19 8 19 4 15 4 11
4 11 4 7 8 3 12 3
12 3 16 3 20 7 20 11
20 11 20 15 16 19 12 19
12 19 12 19 12 19 12 19
12 1 6 1 2 6 2 11
2 11 2 16 6 21 12 21
12 21 18 21 22 16 22 11
22 11 22 6 18 1 12 1
12 1 12 1 12 1 12 1
12 17 15 17 17 15 18 13
18 13 14 13 10 13 6 13
6 13 7 15 9 17 12 17
12 17 12 17 12 17 12 17
8 10 9 10 10 9 10 8
10 8 10 8 9 7 8 7
8 7 8 7 7 8 7 8
7 8 7 9 8 10 8 10
8 10 8 10 8 10 8 10
16 10 16 10 17 9 17 8
17 8 17 8 16 7 16 7
16 7 15 7 14 8 14 8
14 8 14 9 15 10 16 10
16 10 16 10 16 10 16 10
