size: 24.000000 x 24.000000
19 3 14 3 10 3 5 3
5 3 4 3 3 4 3 5
3 5 3 6 3 8 3 9
3 9 4 9 4 9 5 9
5 9 5 8 5 6 5 5
5 5 10 5 14 5 19 5
19 5 19 10 19 14 19 19
19 19 14 19 10 19 5 19
5 19 5 18 5 16 5 15
5 15 4 15 4 15 3 15
3 15 3 16 3 18 3 19
3 19 3 20 4 21 5 21
5 21 10 21 14 21 19 21
19 21 20 21 21 20 21 19
21 19 21 14 21 10 21 5
21 5 21 4 20 3 19 3
19 3 19 3 19 3 19 3
10 16 11 16 11 17 12 17
12 17 13 15 15 14 16 12
16 12 15 10 13 9 12 7
12 7 11 7 11 8 10 8
10 8 11 9 12 10 13 11
13 11 9 11 6 11 3 11
3 11 3 12 3 12 3 13
3 13 6 13 9 13 13 13
13 13 12 14 11 15 10 16
10 16 10 16 10 16 10 16
