size: 24.000000 x 24.000000
19 4 19 5 19 6 19 7
19 7 18 7 18 7 17 7
17 7 16 7 16 7 16 8
16 8 16 9 16 9 16 10
16 10 17 10 18 10 19 10
19 10 19 11 19 12 19 13
19 13 18 13 17 13 16 13
16 13 16 15 16 18 16 20
16 20 15 20 14 20 13 20
13 20 13 18 13 15 13 13
13 13 12 13 12 13 11 13
11 13 11 12 11 11 11 10
11 10 12 10 12 10 13 10
13 10 13 9 13 8 13 8
13 8 13 6 15 4 16 4
16 4 17 4 18 4 19 4
19 4 19 4 19 4 19 4
20 2 15 2 9 2 4 2
4 2 3 2 2 3 2 4
2 4 2 9 2 15 2 20
2 20 2 21 3 22 4 22
4 22 9 22 15 22 20 22
20 22 21 22 22 21 22 20
22 20 22 15 22 9 22 4
22 4 22 3 21 2 20 2
20 2 20 2 20 2 20 2
