size: 24.000000 x 24.000000
18 9 17 9 17 9 16 9
16 9 16 8 16 8 16 7
16 7 17 7 17 7 18 7
18 7 18 8 18 8 18 9
18 9 18 9 18 9 18 9
18 13 17 13 17 13 16 13
16 13 16 12 16 12 16 11
16 11 17 11 17 11 18 11
18 11 18 12 18 12 18 13
18 13 18 13 18 13 18 13
18 17 17 17 17 17 16 17
16 17 16 16 16 16 16 15
16 15 17 15 17 15 18 15
18 15 18 16 18 16 18 17
18 17 18 17 18 17 18 17
8 9 7 9 7 9 6 9
6 9 6 8 6 8 6 7
6 7 7 7 7 7 8 7
8 7 8 8 8 8 8 9
8 9 8 9 8 9 8 9
8 13 7 13 7 13 6 13
6 13 6 12 6 12 6 11
6 11 7 11 7 11 8 11
8 11 8 12 8 12 8 13
8 13 8 13 8 13 8 13
8 17 7 17 7 17 6 17
6 17 6 16 6 16 6 15
6 15 7 15 7 15 8 15
8 15 8 16 8 16 8 17
8 17 8 17 8 17 8 17
18 3 18 4 18 4 18 5
18 5 17 5 17 5 16 5
16 5 16 4 16 4 16 3
16 3 13 3 11 3 8 3
8 3 8 4 8 4 8 5
8 5 7 5 7 5 6 5
6 5 6 4 6 4 6 3
6 3 5 3 5 3 4 3
4 3 4 9 4 15 4 21
4 21 5 21 5 21 6 21
6 21 6 20 6 20 6 19
6 19 7 19 7 19 8 19
8 19 8 20 8 20 8 21
8 21 11 21 13 21 16 21
16 21 16 20 16 20 16 19
16 19 17 19 17 19 18 19
18 19 18 20 18 20 18 21
18 21 19 21 19 21 20 21
20 21 20 15 20 9 20 3
20 3 19 3 19 3 18 3
18 3 18 3 18 3 18 3
