size: 24.000000 x 24.000000
19 19 14 19 10 19 5 19
5 19 5 14 5 10 5 5
5 5 10 5 14 5 19 5
19 5 19 10 19 14 19 19
19 19 19 19 19 19 19 19
19 3 14 3 10 3 5 3
5 3 4 3 3 4 3 5
3 5 3 10 3 14 3 19
3 19 3 20 4 21 5 21
5 21 10 21 14 21 19 21
19 21 20 21 21 20 21 19
21 19 21 14 21 10 21 5
21 5 21 4 20 3 19 3
19 3 19 3 19 3 19 3
16 16 16 15 14 14 12 14
12 14 10 14 8 15 8 16
8 16 8 16 8 17 8 17
8 17 10 17 14 17 16 17
16 17 16 17 16 16 16 16
16 16 16 16 16 16 16 16
12 12 13 12 14 11 14 10
14 10 14 9 13 8 12 8
12 8 11 8 10 9 10 10
10 10 10 11 11 12 12 12
12 12 12 12 12 12 12 12
