size: 24.000000 x 24.000000
12 18 10 18 8 18 6 18
6 18 6 17 6 15 6 14
6 14 8 14 10 14 12 14
12 14 12 15 12 17 12 18
12 18 12 18 12 18 12 18
21 14 21 13 21 13 21 12
21 12 21 10 20 9 20 7
20 7 15 7 9 7 4 7
4 7 4 9 3 10 3 12
3 12 3 13 3 13 3 14
3 14 3 14 4 14 4 14
4 14 4 16 4 18 4 20
4 20 7 20 11 20 14 20
14 20 14 18 14 16 14 14
14 14 15 14 17 14 18 14
18 14 18 16 18 18 18 20
18 20 19 20 19 20 20 20
20 20 20 18 20 16 20 14
20 14 20 14 21 14 21 14
21 14 21 14 21 14 21 14
20 4 15 4 9 4 4 4
4 4 4 5 4 5 4 6
4 6 9 6 15 6 20 6
20 6 20 5 20 5 20 4
20 4 20 4 20 4 20 4
