size: 24.000000 x 24.000000
18 11 14 11 10 11 6 11
6 11 6 9 6 8 6 6
6 6 10 6 14 6 18 6
18 6 18 8 18 9 18 11
18 11 18 11 18 11 18 11
16 17 16 17 15 16 15 16
15 16 15 15 16 14 16 14
16 14 17 14 18 15 18 16
18 16 18 16 17 17 16 17
16 17 16 17 16 17 16 17
8 17 7 17 6 16 6 16
6 16 6 15 7 14 8 14
8 14 8 14 9 15 9 16
9 16 9 16 8 17 8 17
8 17 8 17 8 17 8 17
4 16 4 17 4 18 5 18
5 18 5 19 5 19 5 20
5 20 5 21 5 21 6 21
6 21 6 21 7 21 7 21
7 21 8 21 8 21 8 20
8 20 8 20 8 19 8 19
8 19 11 19 13 19 16 19
16 19 16 19 16 20 16 20
16 20 16 21 16 21 17 21
17 21 17 21 18 21 18 21
18 21 19 21 19 21 19 20
19 20 19 19 19 19 19 18
19 18 20 18 20 17 20 16
20 16 20 13 20 9 20 6
20 6 20 2 16 2 12 2
12 2 8 2 4 2 4 6
4 6 4 9 4 13 4 16
4 16 4 16 4 16 4 16
