size: 24.000000 x 24.000000
16 8 16 7 16 6 16 5
16 5 15 5 15 5 14 5
14 5 14 7 14 8 14 10
14 10 16 10 17 10 19 10
19 10 19 9 19 9 19 8
19 8 18 8 17 8 16 8
16 8 16 8 16 8 16 8
14 19 15 19 15 19 16 19
16 19 16 18 16 17 16 16
16 16 17 16 18 16 19 16
19 16 19 15 19 15 19 14
19 14 17 14 16 14 14 14
14 14 14 16 14 17 14 19
14 19 14 19 14 19 14 19
8 8 7 8 6 8 5 8
5 8 5 9 5 9 5 10
5 10 7 10 8 10 10 10
10 10 10 8 10 7 10 5
10 5 9 5 9 5 8 5
8 5 8 6 8 7 8 8
8 8 8 8 8 8 8 8
5 16 6 16 7 16 8 16
8 16 8 17 8 18 8 19
8 19 9 19 9 19 10 19
10 19 10 17 10 16 10 14
10 14 8 14 7 14 5 14
5 14 5 15 5 15 5 16
5 16 5 16 5 16 5 16
