size: 24.000000 x 24.000000
16 9 16 10 14 11 14 12
14 12 14 13 16 14 16 15
16 15 18 15 20 15 22 15
22 15 22 13 22 11 22 9
22 9 20 9 18 9 16 9
16 9 16 9 16 9 16 9
9 16 9 18 9 20 9 22
9 22 11 22 13 22 15 22
15 22 15 20 15 18 15 16
15 16 14 16 13 14 12 14
12 14 11 14 10 16 9 16
9 16 9 16 9 16 9 16
8 9 6 9 4 9 2 9
2 9 2 11 2 13 2 15
2 15 4 15 6 15 8 15
8 15 8 14 10 13 10 12
10 12 10 11 8 10 8 9
8 9 8 9 8 9 8 9
15 8 15 6 15 4 15 2
15 2 13 2 11 2 9 2
9 2 9 4 9 6 9 8
9 8 10 8 11 10 12 10
12 10 13 10 14 8 15 8
15 8 15 8 15 8 15 8
