size: 24.000000 x 24.000000
14 14 14 14 14 13 14 12
14 12 13 12 11 12 10 12
10 12 10 13 10 14 10 15
10 15 9 15 9 15 8 15
8 15 8 14 8 12 8 11
8 11 8 10 8 10 9 10
9 10 11 10 12 10 14 10
14 10 14 9 14 8 14 8
14 8 15 9 16 10 18 11
18 11 16 12 15 13 14 14
14 14 14 14 14 14 14 14
22 11 19 8 16 5 13 2
13 2 13 2 13 2 13 2
13 2 12 2 12 2 11 2
11 2 8 5 5 8 2 11
2 11 2 12 2 12 2 13
2 13 5 16 8 19 11 22
11 22 11 22 11 22 11 22
11 22 12 22 12 22 13 22
13 22 16 19 19 16 22 13
22 13 22 12 22 12 22 11
22 11 22 11 22 11 22 11
