size: 24.000000 x 24.000000
19 11 16 11 14 11 11 11
11 11 11 14 11 16 11 19
11 19 10 19 10 19 9 19
9 19 9 16 9 14 9 11
9 11 8 11 6 11 5 11
5 11 5 10 5 10 5 9
5 9 6 9 8 9 9 9
9 9 9 8 9 6 9 5
9 5 10 5 10 5 11 5
11 5 11 6 11 8 11 9
11 9 14 9 16 9 19 9
19 9 19 10 19 10 19 11
19 11 19 11 19 11 19 11
19 3 14 3 10 3 5 3
5 3 4 3 3 4 3 5
3 5 3 6 3 7 3 8
3 8 3 8 3 8 3 8
3 8 3 12 3 15 3 19
3 19 3 20 4 21 5 21
5 21 10 21 14 21 19 21
19 21 20 21 21 20 21 19
21 19 21 14 21 10 21 5
21 5 21 4 20 3 19 3
19 3 19 3 19 3 19 3
