size: 24.000000 x 24.000000
12 22 9 22 7 21 7 19
7 19 7 16 9 16 10 15
10 15 11 15 12 15 13 15
13 15 13 15 13 15 14 15
14 15 16 17 17 17 17 19
17 19 17 21 15 22 12 22
12 22 12 22 12 22 12 22
9 4 9 2 10 1 11 1
11 1 14 1 15 5 15 7
15 7 15 9 13 10 12 10
12 10 10 10 9 7 9 4
9 4 9 4 9 4 9 4
16 13 16 13 16 13 15 13
15 13 15 12 14 12 14 11
14 11 14 10 15 10 15 10
15 10 17 9 18 7 18 5
18 5 18 3 17 2 16 1
16 1 17 1 17 1 18 1
18 1 18 1 18 0 19 0
19 0 17 0 15 0 13 0
13 0 8 0 6 3 6 6
6 6 6 8 8 11 11 11
11 11 11 11 12 11 12 11
12 11 12 11 12 11 12 12
12 12 12 13 12 13 12 14
12 14 11 14 8 14 7 16
7 16 5 17 4 18 4 19
4 19 4 22 6 24 11 24
11 24 16 24 19 21 19 18
19 18 19 16 18 15 16 13
16 13 16 13 16 13 16 13
