size: 24.000000 x 24.000000
12 17 10 17 9 16 8 15
8 15 9 15 11 15 12 15
12 15 14 15 15 14 15 12
15 12 15 12 15 11 15 11
15 11 16 11 16 11 17 11
17 11 17 11 17 12 17 12
17 12 17 15 15 17 12 17
12 17 12 17 12 17 12 17
12 7 14 7 15 8 16 9
16 9 15 9 13 9 12 9
12 9 10 9 9 10 9 12
9 12 9 12 9 13 9 13
9 13 8 13 8 13 7 13
7 13 7 13 7 12 7 12
7 12 7 9 9 7 12 7
12 7 12 7 12 7 12 7
20 4 19 4 18 4 17 4
17 4 16 3 16 3 15 2
15 2 13 2 11 2 9 2
9 2 8 3 8 3 7 4
7 4 6 4 5 4 4 4
4 4 3 4 2 5 2 6
2 6 2 10 2 14 2 18
2 18 2 19 3 20 4 20
4 20 9 20 15 20 20 20
20 20 21 20 22 19 22 18
22 18 22 14 22 10 22 6
22 6 22 5 21 4 20 4
20 4 20 4 20 4 20 4
