size: 24.000000 x 24.000000
9 22 6 22 4 21 4 19
4 19 4 16 6 16 6 15
6 15 8 15 10 15 10 15
10 15 10 15 10 15 10 15
10 15 13 17 14 17 14 19
14 19 14 21 12 22 9 22
9 22 9 22 9 22 9 22
6 4 6 2 7 1 8 1
8 1 11 1 12 5 12 7
12 7 12 9 10 10 10 10
10 10 7 10 6 7 6 4
6 4 6 4 6 4 6 4
13 13 13 13 13 13 12 13
12 13 12 12 11 12 11 11
11 11 11 10 12 10 12 10
12 10 14 9 15 7 15 5
15 5 15 3 14 2 13 1
13 1 14 1 14 1 15 1
15 1 15 1 16 0 16 0
16 0 14 0 12 0 10 0
10 0 5 0 3 3 3 6
3 6 3 8 5 11 8 11
8 11 8 11 9 11 9 11
9 11 9 11 9 11 9 12
9 12 9 13 9 13 9 14
9 14 8 14 5 14 4 16
4 16 2 17 1 18 1 19
1 19 1 22 3 24 8 24
8 24 13 24 16 21 16 18
16 18 16 16 15 15 13 13
13 13 13 13 13 13 13 13
21 10 21 9 21 8 21 7
21 7 20 7 20 7 19 7
19 7 19 8 19 9 19 10
19 10 18 10 17 10 16 10
16 10 16 11 16 11 16 12
16 12 17 12 18 12 19 12
19 12 19 13 19 14 19 15
19 15 20 15 20 15 21 15
21 15 21 14 21 13 21 12
21 12 22 12 23 12 24 12
24 12 24 11 24 11 24 10
24 10 23 10 22 10 21 10
21 10 21 10 21 10 21 10
