size: 24.000000 x 24.000000
12 20 13 18 14 16 16 14
16 14 16 14 16 14 16 14
16 14 16 13 16 13 16 12
16 12 16 11 16 10 15 9
15 9 16 9 18 9 20 9
20 9 20 10 20 11 20 12
20 12 20 16 16 20 12 20
12 20 12 20 12 20 12 20
4 12 4 10 4 9 5 8
5 8 6 10 7 12 9 14
9 14 9 14 9 14 9 14
9 14 9 15 11 16 12 16
12 16 12 16 13 16 13 16
13 16 12 17 12 19 11 20
11 20 7 19 4 16 4 12
4 12 4 12 4 12 4 12
15 12 15 14 14 15 12 15
12 15 10 15 9 14 9 12
9 12 9 10 10 9 12 9
12 9 14 9 15 10 15 12
15 12 15 12 15 12 15 12
12 4 15 4 18 6 19 8
19 8 17 8 14 8 12 8
12 8 10 8 8 9 8 11
8 11 7 10 6 8 6 7
6 7 7 5 9 4 12 4
12 4 12 4 12 4 12 4
12 2 6 2 2 6 2 12
2 12 2 18 6 22 12 22
12 22 18 22 22 18 22 12
22 12 22 6 18 2 12 2
12 2 12 2 12 2 12 2
