size: 24.000000 x 24.000000
11 11 11 12 11 12 10 13
10 13 10 14 10 14 10 14
10 14 10 14 10 14 10 14
10 14 10 14 10 14 10 14
10 14 10 14 10 14 10 14
10 14 11 14 12 14 13 14
13 14 13 13 13 13 13 13
13 13 12 13 12 12 11 11
11 11 11 11 11 11 11 11
18 15 18 15 17 15 17 15
17 15 16 15 15 15 14 14
14 14 12 14 11 15 10 15
10 15 10 15 10 15 10 15
10 15 9 17 8 18 7 18
7 18 7 18 6 18 6 18
6 18 6 18 6 18 6 18
6 18 6 18 6 18 6 18
6 18 6 18 6 18 6 17
6 17 6 17 6 16 8 15
8 15 8 15 8 15 9 15
9 15 9 14 9 14 10 13
10 13 10 12 10 11 11 10
11 10 11 10 11 10 11 10
11 10 10 9 10 8 11 7
11 7 11 6 11 6 11 6
11 6 11 6 11 6 12 6
12 6 12 6 12 6 12 6
12 6 13 7 13 8 12 10
12 10 12 10 12 10 12 10
12 10 13 11 13 12 14 12
14 12 14 13 14 13 15 13
15 13 15 13 16 13 16 13
16 13 17 13 18 13 18 14
18 14 18 14 18 14 18 14
18 14 18 14 18 15 18 15
18 15 18 15 18 15 18 15
19 3 14 3 10 3 5 3
5 3 4 3 3 4 3 5
3 5 3 10 3 14 3 19
3 19 3 20 4 21 5 21
5 21 10 21 14 21 19 21
19 21 20 21 21 20 21 19
21 19 21 14 21 10 21 5
21 5 21 4 20 3 19 3
19 3 19 3 19 3 19 3
18 14 17 14 17 14 16 14
16 14 16 14 16 14 15 14
15 14 15 14 15 14 15 14
15 14 15 14 15 14 15 14
15 14 16 14 17 14 17 14
17 14 17 14 17 14 18 14
18 14 18 14 18 14 18 14
18 14 18 14 18 14 18 14
18 14 18 14 18 14 18 14
18 14 18 14 18 14 18 14
18 14 18 14 18 14 18 14
18 14 18 14 18 14 18 14
8 16 8 16 8 16 8 16
8 16 7 16 7 17 6 17
6 17 6 17 6 17 6 17
6 17 6 17 6 17 6 17
6 17 6 17 6 17 6 17
6 17 7 17 8 17 8 16
8 16 8 16 8 16 8 16
8 16 8 16 8 16 8 16
8 16 8 16 8 16 8 16
11 9 11 9 11 9 11 9
11 9 11 9 11 9 11 9
11 9 11 8 12 8 12 8
12 8 12 8 12 8 12 8
12 8 12 7 12 7 12 7
12 7 12 7 12 7 12 6
12 6 11 6 11 6 11 6
11 6 11 6 11 6 11 6
11 6 11 6 11 6 11 6
11 6 11 6 11 6 11 6
11 6 11 7 11 8 11 9
11 9 11 9 11 9 11 9
11 9 11 9 11 9 11 9
