size: 24.000000 x 24.000000
15 11 15 12 14 12 14 13
14 13 14 13 13 13 12 13
12 13 13 12 13 12 14 11
14 11 13 11 12 11 12 11
12 11 12 10 12 9 12 8
12 8 13 8 14 8 15 8
15 8 15 9 15 10 15 11
15 11 15 11 15 11 15 11
11 11 11 12 10 12 10 13
10 13 10 13 9 13 8 13
8 13 9 12 9 12 10 11
10 11 9 11 8 11 8 11
8 11 8 10 8 9 8 8
8 8 9 8 10 8 11 8
11 8 11 9 11 10 11 11
11 11 11 11 11 11 11 11
12 2 7 2 3 6 3 10
3 10 3 15 7 19 12 19
12 19 12 19 12 19 12 19
12 19 12 20 12 21 12 22
12 22 17 20 20 15 20 10
20 10 20 6 16 2 12 2
12 2 12 2 12 2 12 2
