size: 24.000000 x 24.000000
19 3 17 3 15 3 13 3
13 3 13 5 13 6 13 8
13 8 14 8 16 7 17 7
17 7 17 8 16 10 16 11
16 11 18 11 19 11 21 11
21 11 21 9 21 7 21 5
21 5 21 4 20 3 19 3
19 3 19 3 19 3 19 3
17 17 16 17 14 16 13 16
13 16 13 18 13 19 13 21
13 21 15 21 17 21 19 21
19 21 20 21 21 20 21 19
21 19 21 17 21 15 21 13
21 13 19 13 18 13 16 13
16 13 16 14 17 16 17 17
17 17 17 17 17 17 17 17
8 13 6 13 5 13 3 13
3 13 3 15 3 17 3 19
3 19 3 20 4 21 5 21
5 21 7 21 9 21 11 21
11 21 11 19 11 18 11 16
11 16 10 16 8 17 7 17
7 17 7 16 8 14 8 13
8 13 8 13 8 13 8 13
3 5 3 7 3 9 3 11
3 11 5 11 6 11 8 11
8 11 8 10 7 8 7 7
7 7 8 7 10 8 11 8
11 8 11 6 11 5 11 3
11 3 9 3 7 3 5 3
5 3 4 3 3 4 3 5
3 5 3 5 3 5 3 5
