size: 24.000000 x 24.000000
19 12 18 12 18 12 17 12
17 12 17 13 17 13 17 14
17 14 17 14 16 14 16 14
16 14 16 13 16 13 16 12
16 12 15 12 15 12 14 12
14 12 14 12 14 11 14 11
14 11 15 11 15 11 16 11
16 11 16 10 16 10 16 9
16 9 16 9 17 9 17 9
17 9 17 10 17 10 17 11
17 11 18 11 18 11 19 11
19 11 19 11 19 12 19 12
19 12 19 12 19 12 19 12
9 19 6 19 5 18 5 16
5 16 5 16 5 15 7 14
7 14 7 13 8 13 10 13
10 13 9 13 9 12 9 12
9 12 9 12 9 12 9 11
9 11 9 11 9 11 9 11
9 11 7 11 6 10 6 8
6 8 6 7 7 5 10 5
10 5 11 5 13 5 14 5
14 5 14 5 14 5 14 5
14 5 14 5 13 6 13 6
13 6 13 6 13 6 13 6
13 6 13 6 13 6 12 6
12 6 13 6 13 7 13 8
13 8 13 10 12 10 12 11
12 11 11 11 11 11 11 12
11 12 11 12 11 12 12 12
12 12 12 12 12 12 12 12
12 12 13 13 14 14 14 15
14 15 14 17 13 19 9 19
9 19 9 19 9 19 9 19
20 2 15 2 9 2 4 2
4 2 3 2 2 3 2 4
2 4 2 9 2 15 2 20
2 20 2 21 3 22 4 22
4 22 9 22 15 22 20 22
20 22 21 22 22 21 22 20
22 20 22 15 22 9 22 4
22 4 22 3 21 2 20 2
20 2 20 2 20 2 20 2
11 14 10 14 10 14 10 14
10 14 10 14 10 14 10 14
10 14 10 14 9 14 8 14
8 14 8 14 7 15 7 16
7 16 7 17 8 18 10 18
10 18 12 18 12 17 12 16
12 16 12 15 12 15 11 14
11 14 11 14 11 14 11 14
11 9 11 8 11 6 9 6
9 6 8 6 8 6 8 8
8 8 8 9 8 10 10 10
10 10 10 10 11 10 11 9
11 9 11 9 11 9 11 9
