size: 24.000000 x 24.000000
6 8 6 8 6 8 7 8
7 8 9 10 12 13 14 15
14 15 14 16 14 16 14 16
14 16 11 16 9 16 6 16
6 16 6 13 6 11 6 8
6 8 6 8 6 8 6 8
2 1 2 1 1 2 1 2
1 2 2 3 2 4 3 4
3 4 2 5 2 5 2 6
2 6 2 10 2 14 2 18
2 18 2 19 3 20 4 20
4 20 9 20 14 20 19 20
19 20 19 21 20 21 21 22
21 22 21 22 22 21 22 21
22 21 15 14 9 8 2 1
2 1 2 1 2 1 2 1
20 4 16 4 12 4 8 4
8 4 9 5 10 7 12 8
12 8 13 8 13 8 14 8
14 8 14 9 14 9 14 10
14 10 14 10 14 11 15 11
15 11 16 10 17 9 18 8
18 8 18 10 18 12 18 14
18 14 19 16 21 17 22 18
22 18 22 18 22 18 22 18
22 18 22 14 22 10 22 6
22 6 22 5 21 4 20 4
20 4 20 4 20 4 20 4
