size: 24.000000 x 24.000000
1 10 1 11 1 11 1 12
1 12 6 12 10 16 10 21
10 21 11 21 11 21 12 21
12 21 12 15 7 10 1 10
1 10 1 10 1 10 1 10
1 14 1 15 1 15 1 16
1 16 4 16 6 18 6 21
6 21 7 21 7 21 8 21
8 21 8 17 5 14 1 14
1 14 1 14 1 14 1 14
1 18 1 19 1 20 1 21
1 21 2 21 3 21 4 21
4 21 4 19 3 18 1 18
1 18 1 18 1 18 1 18
21 3 15 3 9 3 3 3
3 3 2 3 1 4 1 5
1 5 1 6 1 7 1 8
1 8 2 8 2 8 3 8
3 8 3 7 3 6 3 5
3 5 9 5 15 5 21 5
21 5 21 10 21 14 21 19
21 19 19 19 16 19 14 19
14 19 14 20 14 20 14 21
14 21 16 21 19 21 21 21
21 21 22 21 23 20 23 19
23 19 23 14 23 10 23 5
23 5 23 4 22 3 21 3
21 3 21 3 21 3 21 3
