size: 24.000000 x 24.000000
14 9 15 9 15 9 16 9
16 9 17 11 18 12 19 14
19 14 18 14 17 14 16 14
16 14 15 12 14 11 13 10
13 10 14 9 14 9 14 9
14 9 14 9 14 9 14 9
18 17 16 17 15 17 13 17
13 17 13 16 14 15 14 14
14 14 16 14 18 14 19 14
19 14 19 15 19 15 20 15
20 15 19 16 19 16 18 17
18 17 18 17 18 17 18 17
12 17 11 16 11 16 10 15
10 15 11 13 12 12 13 10
13 10 14 11 14 12 15 13
15 13 14 14 13 16 12 17
12 17 12 17 12 17 12 17
12 17 12 17 12 17 12 17
20 6 17 6 15 6 12 6
12 6 11 5 11 5 10 4
10 4 8 4 6 4 4 4
4 4 3 4 2 5 2 6
2 6 2 10 2 14 2 18
2 18 2 19 3 20 4 20
4 20 9 20 15 20 20 20
20 20 21 20 22 19 22 18
22 18 22 15 22 11 22 8
22 8 22 7 21 6 20 6
20 6 20 6 20 6 20 6
