size: 24.000000 x 24.000000
16 18 15 18 14 19 12 19
12 19 8 19 5 16 5 12
5 12 5 10 6 9 6 8
6 8 10 11 13 14 16 18
16 18 16 18 16 18 16 18
3 4 4 5 4 6 5 6
5 6 4 8 3 9 3 11
3 11 2 11 2 11 1 11
1 11 1 12 1 12 1 13
1 13 2 13 2 13 3 13
3 13 4 17 7 20 11 21
11 21 11 22 11 22 11 23
11 23 12 23 12 23 13 23
13 23 13 22 13 22 13 21
13 21 15 21 16 20 18 19
18 19 18 20 19 20 20 21
20 21 20 20 21 20 21 20
21 20 15 14 10 9 4 3
4 3 4 3 3 4 3 4
3 4 3 4 3 4 3 4
21 11 20 7 17 4 13 3
13 3 13 2 13 2 13 1
13 1 12 1 12 1 11 1
11 1 11 2 11 2 11 3
11 3 10 3 9 4 8 4
8 4 8 4 9 5 9 6
9 6 10 5 11 5 12 5
12 5 16 5 19 8 19 12
19 12 19 13 19 14 18 15
18 15 19 15 20 16 20 16
20 16 20 15 21 14 21 13
21 13 22 13 22 13 23 13
23 13 23 12 23 12 23 11
23 11 22 11 22 11 21 11
21 11 21 11 21 11 21 11
