size: 24.000000 x 24.000000
15 10 15 11 15 11 14 11
14 11 13 12 13 12 13 14
13 14 12 14 12 14 11 14
11 14 11 14 11 14 11 14
11 14 11 12 11 11 12 11
12 11 13 10 13 10 13 9
13 9 14 9 14 9 14 8
14 8 14 7 13 6 12 6
12 6 11 6 10 7 10 8
10 8 9 8 9 8 8 8
8 8 8 6 10 4 12 4
12 4 14 4 16 6 16 8
16 8 16 9 16 10 15 10
15 10 15 10 15 10 15 10
13 18 12 18 12 18 11 18
11 18 11 17 11 17 11 16
11 16 12 16 12 16 13 16
13 16 13 17 13 17 13 18
13 18 13 18 13 18 13 18
19 2 14 2 10 2 5 2
5 2 4 2 3 3 3 4
3 4 3 9 3 13 3 18
3 18 3 19 4 20 5 20
5 20 6 20 8 20 9 20
9 20 10 21 11 22 12 23
12 23 13 22 14 21 15 20
15 20 16 20 18 20 19 20
19 20 20 20 21 19 21 18
21 18 21 13 21 9 21 4
21 4 21 3 20 2 19 2
19 2 19 2 19 2 19 2
