size: 24.000000 x 24.000000
15 11 15 12 15 12 14 12
14 12 13 13 13 14 13 15
13 15 12 15 12 15 11 15
11 15 11 15 11 15 11 14
11 14 11 13 11 12 12 12
12 12 13 11 13 11 13 10
13 10 14 10 14 10 14 9
14 9 14 8 13 7 12 7
12 7 11 7 10 8 10 9
10 9 9 9 9 9 8 9
8 9 8 7 10 5 12 5
12 5 14 5 16 7 16 9
16 9 16 10 16 11 15 11
15 11 15 11 15 11 15 11
13 19 12 19 12 19 11 19
11 19 11 18 11 18 11 17
11 17 12 17 12 17 13 17
13 17 13 18 13 18 13 19
13 19 13 19 13 19 13 19
12 2 6 2 2 6 2 12
2 12 2 18 6 22 12 22
12 22 18 22 22 18 22 12
22 12 22 6 18 2 12 2
12 2 12 2 12 2 12 2
