size: 24.000000 x 24.000000
12 23 13 22 15 20 16 19
16 19 13 19 11 19 8 19
8 19 9 20 11 22 12 23
12 23 12 23 12 23 12 23
19 8 18 8 18 8 17 8
17 8 17 7 17 7 17 6
17 6 18 6 18 6 19 6
19 6 19 7 19 7 19 8
19 8 19 8 19 8 19 8
19 11 18 11 18 11 17 11
17 11 17 10 17 10 17 9
17 9 18 9 18 9 19 9
19 9 19 10 19 10 19 11
19 11 19 11 19 11 19 11
16 8 15 8 15 8 14 8
14 8 14 7 14 7 14 6
14 6 15 6 15 6 16 6
16 6 16 7 16 7 16 8
16 8 16 8 16 8 16 8
16 11 15 11 15 11 14 11
14 11 14 10 14 10 14 9
14 9 15 9 15 9 16 9
16 9 16 10 16 10 16 11
16 11 16 11 16 11 16 11
16 15 13 15 11 15 8 15
8 15 8 14 8 14 8 13
8 13 11 13 13 13 16 13
16 13 16 14 16 14 16 15
16 15 16 15 16 15 16 15
7 8 6 8 6 8 5 8
5 8 5 7 5 7 5 6
5 6 6 6 6 6 7 6
7 6 7 7 7 7 7 8
7 8 7 8 7 8 7 8
7 11 6 11 6 11 5 11
5 11 5 10 5 10 5 9
5 9 6 9 6 9 7 9
7 9 7 10 7 10 7 11
7 11 7 11 7 11 7 11
8 9 9 9 9 9 10 9
10 9 10 10 10 10 10 11
10 11 9 11 9 11 8 11
8 11 8 10 8 10 8 9
8 9 8 9 8 9 8 9
8 6 9 6 9 6 10 6
10 6 10 7 10 7 10 8
10 8 9 8 9 8 8 8
8 8 8 7 8 7 8 6
8 6 8 6 8 6 8 6
11 9 12 9 12 9 13 9
13 9 13 10 13 10 13 11
13 11 12 11 12 11 11 11
11 11 11 10 11 10 11 9
11 9 11 9 11 9 11 9
11 6 12 6 12 6 13 6
13 6 13 7 13 7 13 8
13 8 12 8 12 8 11 8
11 8 11 7 11 7 11 6
11 6 11 6 11 6 11 6
20 3 15 3 9 3 4 3
4 3 3 3 2 4 2 5
2 5 2 8 2 12 2 15
2 15 2 16 3 17 4 17
4 17 9 17 15 17 20 17
20 17 21 17 22 16 22 15
22 15 22 12 22 8 22 5
22 5 22 4 21 3 20 3
20 3 20 3 20 3 20 3
