size: 24.000000 x 24.000000
15 9 14 9 14 9 13 9
13 9 13 8 13 8 13 7
13 7 14 7 14 7 15 7
15 7 15 8 15 8 15 9
15 9 15 9 15 9 15 9
15 13 14 13 14 13 13 13
13 13 13 12 13 12 13 11
13 11 14 11 14 11 15 11
15 11 15 12 15 12 15 13
15 13 15 13 15 13 15 13
15 17 14 17 14 17 13 17
13 17 13 16 13 16 13 15
13 15 14 15 14 15 15 15
15 15 15 16 15 16 15 17
15 17 15 17 15 17 15 17
11 9 10 9 10 9 9 9
9 9 9 8 9 8 9 7
9 7 10 7 10 7 11 7
11 7 11 8 11 8 11 9
11 9 11 9 11 9 11 9
11 13 10 13 10 13 9 13
9 13 9 12 9 12 9 11
9 11 10 11 10 11 11 11
11 11 11 12 11 12 11 13
11 13 11 13 11 13 11 13
11 17 10 17 10 17 9 17
9 17 9 16 9 16 9 15
9 15 10 15 10 15 11 15
11 15 11 16 11 16 11 17
11 17 11 17 11 17 11 17
17 4 17 3 17 3 17 2
17 2 14 2 10 2 7 2
7 2 7 3 7 3 7 4
7 4 6 4 5 4 4 4
4 4 4 10 4 16 4 22
4 22 6 22 8 22 10 22
10 22 10 21 10 21 10 20
10 20 11 20 13 20 14 20
14 20 14 21 14 21 14 22
14 22 16 22 18 22 20 22
20 22 20 16 20 10 20 4
20 4 19 4 18 4 17 4
17 4 17 4 17 4 17 4
