size: 24.000000 x 24.000000
20 6 20 7 20 7 20 7
20 7 19 7 18 7 18 7
18 7 17 7 17 7 17 6
17 6 17 6 17 5 17 4
17 4 17 4 17 4 18 4
18 4 18 4 19 4 20 4
20 4 20 4 20 4 20 4
20 4 20 5 20 6 20 6
20 6 20 6 20 6 20 6
4 20 4 20 4 20 4 20
4 20 4 17 4 14 4 11
4 11 5 11 5 11 6 11
6 11 6 11 6 12 6 12
6 12 6 15 9 18 12 18
12 18 15 18 18 15 18 12
18 12 18 12 18 11 18 11
18 11 19 11 19 11 20 11
20 11 20 14 20 17 20 20
20 20 20 20 20 20 20 20
20 20 14 20 10 20 4 20
4 20 4 20 4 20 4 20
12 8 14 8 16 10 16 12
16 12 16 14 14 16 12 16
12 16 10 16 8 14 8 12
8 12 8 10 10 8 12 8
12 8 12 8 12 8 12 8
20 2 15 2 9 2 4 2
4 2 3 2 2 3 2 4
2 4 2 9 2 15 2 20
2 20 2 21 3 22 4 22
4 22 9 22 15 22 20 22
20 22 21 22 22 21 22 20
22 20 22 15 22 9 22 4
22 4 22 3 21 2 20 2
20 2 20 2 20 2 20 2
