size: 24.000000 x 24.000000
17 18 18 19 18 19 19 20
19 20 19 20 20 19 20 19
20 19 20 18 19 17 19 17
19 17 18 17 18 18 17 18
17 18 17 18 17 18 17 18
20 10 20 11 20 12 20 12
20 12 21 12 22 12 23 12
23 12 23 12 23 11 23 10
23 10 22 10 21 10 20 10
20 10 20 10 20 10 20 10
15 6 15 5 15 3 15 2
15 2 13 2 11 2 9 2
9 2 9 3 9 5 9 6
9 6 7 7 6 9 6 12
6 12 6 15 9 18 12 18
12 18 15 18 18 15 18 12
18 12 18 9 17 7 15 6
15 6 15 6 15 6 15 6
4 10 3 10 2 10 1 10
1 10 1 11 1 12 1 12
1 12 2 12 3 12 4 12
4 12 4 12 4 11 4 10
4 10 4 10 4 10 4 10
11 22 11 22 13 22 13 22
13 22 13 21 13 20 13 20
13 20 12 20 12 20 11 20
11 20 11 20 11 21 11 22
11 22 11 22 11 22 11 22
4 18 4 19 4 20 5 20
5 20 6 19 6 19 7 18
7 18 6 18 6 17 5 17
5 17 5 17 4 18 4 18
4 18 4 18 4 18 4 18
