size: 24.000000 x 24.000000
19 19 18 19 17 19 16 19
16 19 16 17 16 15 16 14
16 14 16 13 15 12 14 12
14 12 14 12 13 13 13 14
13 14 13 15 13 17 13 19
13 19 12 19 11 19 10 19
10 19 10 16 10 13 10 10
10 10 11 10 12 10 13 10
13 10 13 10 13 11 13 11
13 11 14 10 15 10 16 10
16 10 17 10 19 11 19 13
19 13 19 15 19 17 19 19
19 19 19 19 19 19 19 19
6 8 6 8 5 8 5 6
5 6 5 6 6 5 6 5
6 5 8 5 8 6 8 6
8 6 8 8 8 8 6 8
6 8 6 8 6 8 6 8
8 19 7 19 6 19 5 19
5 19 5 16 5 13 5 10
5 10 6 10 7 10 8 10
8 10 8 13 8 16 8 19
8 19 8 19 8 19 8 19
20 2 15 2 9 2 4 2
4 2 3 2 2 3 2 4
2 4 2 9 2 15 2 20
2 20 2 21 3 22 4 22
4 22 9 22 15 22 20 22
20 22 21 22 22 21 22 20
22 20 22 15 22 9 22 4
22 4 22 3 21 2 20 2
20 2 20 2 20 2 20 2
