size: 24.000000 x 24.000000
16 6 15 6 14 6 13 6
13 6 13 7 13 7 13 8
13 8 14 8 15 8 16 8
16 8 18 8 20 10 20 12
20 12 20 14 18 16 16 16
16 16 15 16 14 16 13 16
13 16 13 17 13 17 13 18
13 18 14 18 15 18 16 18
16 18 19 18 22 15 22 12
22 12 22 9 19 6 16 6
16 6 16 6 16 6 16 6
4 12 4 10 6 8 8 8
8 8 9 8 10 8 11 8
11 8 11 7 11 7 11 6
11 6 10 6 9 6 8 6
8 6 5 6 2 9 2 12
2 12 2 15 5 18 8 18
8 18 9 18 10 18 11 18
11 18 11 17 11 17 11 16
11 16 10 16 9 16 8 16
8 16 6 16 4 14 4 12
4 12 4 12 4 12 4 12
8 13 11 13 13 13 16 13
16 13 16 12 16 12 16 11
16 11 13 11 11 11 8 11
8 11 8 12 8 12 8 13
8 13 8 13 8 13 8 13
