size: 24.000000 x 24.000000
17 9 15 9 12 9 10 9
10 9 10 8 10 8 10 7
10 7 12 7 15 7 17 7
17 7 17 8 17 8 17 9
17 9 17 9 17 9 17 9
17 13 15 13 12 13 10 13
10 13 10 12 10 12 10 11
10 11 12 11 15 11 17 11
17 11 17 12 17 12 17 13
17 13 17 13 17 13 17 13
17 17 15 17 12 17 10 17
10 17 10 16 10 16 10 15
10 15 12 15 15 15 17 15
17 15 17 16 17 16 17 17
17 17 17 17 17 17 17 17
9 9 8 9 8 9 7 9
7 9 7 8 7 8 7 7
7 7 8 7 8 7 9 7
9 7 9 8 9 8 9 9
9 9 9 9 9 9 9 9
9 13 8 13 8 13 7 13
7 13 7 12 7 12 7 11
7 11 8 11 8 11 9 11
9 11 9 12 9 12 9 13
9 13 9 13 9 13 9 13
9 17 8 17 8 17 7 17
7 17 7 16 7 16 7 15
7 15 8 15 8 15 9 15
9 15 9 16 9 16 9 17
9 17 9 17 9 17 9 17
19 3 14 3 10 3 5 3
5 3 4 3 3 4 3 5
3 5 3 10 3 14 3 19
3 19 3 20 4 21 5 21
5 21 10 21 14 21 19 21
19 21 20 21 21 20 21 19
21 19 21 14 21 10 21 5
21 5 21 4 20 3 19 3
19 3 19 3 19 3 19 3
