size: 24.000000 x 24.000000
7 7 7 8 7 8 7 9
7 9 12 9 16 9 21 9
21 9 21 8 21 8 21 7
21 7 16 7 12 7 7 7
7 7 7 7 7 7 7 7
7 17 12 17 16 17 21 17
21 17 21 16 21 16 21 15
21 15 16 15 12 15 7 15
7 15 7 16 7 16 7 17
7 17 7 17 7 17 7 17
7 13 12 13 16 13 21 13
21 13 21 12 21 12 21 11
21 11 16 11 12 11 7 11
7 11 7 12 7 12 7 13
7 13 7 13 7 13 7 13
3 9 4 9 4 9 5 9
5 9 5 8 5 8 5 7
5 7 4 7 4 7 3 7
3 7 3 8 3 8 3 9
3 9 3 9 3 9 3 9
3 17 4 17 4 17 5 17
5 17 5 16 5 16 5 15
5 15 4 15 4 15 3 15
3 15 3 16 3 16 3 17
3 17 3 17 3 17 3 17
3 13 4 13 4 13 5 13
5 13 5 12 5 12 5 11
5 11 4 11 4 11 3 11
3 11 3 12 3 12 3 13
3 13 3 13 3 13 3 13
