size: 24.000000 x 24.000000
8 6 8 6 9 7 10 7
10 7 10 6 9 5 9 4
9 4 9 4 10 3 10 2
10 2 9 2 8 3 8 3
8 3 7 3 6 2 5 2
5 2 5 3 6 4 6 4
6 4 6 5 5 6 5 7
5 7 6 7 7 6 8 6
20 15 19 15 18 14 17 14
17 14 17 15 18 16 18 16
18 16 18 17 17 18 17 19
17 19 18 19 19 18 20 18
20 18 20 18 21 19 22 19
22 19 22 18 21 17 21 16
21 16 21 16 22 15 22 14
22 14 21 14 20 15 20 15
22 2 21 2 20 3 20 3
20 3 19 3 18 2 17 2
17 2 17 3 18 4 18 4
18 4 18 5 17 6 17 7
17 7 18 7 19 6 20 6
20 6 20 6 21 7 22 7
22 7 22 6 21 5 21 4
21 4 21 4 22 3 22 2
13 13 13 12 12 11 11 11
11 11 12 10 13 9 14 8
14 8 14 9 15 10 16 10
16 10 15 11 14 12 13 13
13 13 13 13 13 13 13 13
14 7 14 7 13 7 13 7
13 7 9 11 5 15 1 19
1 19 1 19 1 20 1 20
1 20 2 21 3 22 4 23
4 23 4 23 5 23 5 23
5 23 9 19 13 15 17 11
17 11 17 11 17 10 17 10
17 10 16 9 15 8 14 7
14 7 14 7 14 7 14 7
