size: 24.000000 x 24.000000
5 20 3 20 2 19 2 17
2 17 2 15 3 14 5 14
5 14 7 14 8 15 8 17
8 17 8 19 7 20 5 20
5 20 5 20 5 20 5 20
5 12 2 12 0 14 0 17
0 17 0 20 2 22 5 22
5 22 8 22 10 20 10 17
10 17 10 14 8 12 5 12
5 12 5 12 5 12 5 12
15 10 16 10 18 10 19 10
19 10 19 9 19 9 19 8
19 8 18 8 17 8 16 8
16 8 15 7 15 6 14 5
14 5 14 4 13 4 12 4
12 4 12 4 12 4 11 5
11 5 10 6 9 7 8 8
8 8 7 9 7 9 7 10
7 10 7 10 7 11 8 11
8 11 9 12 10 12 11 13
11 13 11 15 11 16 11 18
11 18 12 18 12 18 13 18
13 18 13 16 13 14 13 12
13 12 12 11 12 10 11 10
11 10 12 9 12 8 13 8
13 8 14 8 14 9 15 10
15 10 15 10 15 10 15 10
19 20 17 20 16 19 16 17
16 17 16 15 17 14 19 14
19 14 21 14 22 15 22 17
22 17 22 19 21 20 19 20
19 20 19 20 19 20 19 20
19 12 16 12 14 14 14 17
14 17 14 20 16 22 19 22
19 22 22 22 24 20 24 17
24 17 24 14 22 12 19 12
19 12 19 12 19 12 19 12
16 5 17 5 18 4 18 3
18 3 18 2 17 1 16 1
16 1 15 1 14 2 14 3
14 3 14 4 15 5 16 5
16 5 16 5 16 5 16 5
