size: 24.000000 x 24.000000
14 10 16 10 17 10 19 10
19 10 19 9 19 9 19 8
19 8 18 8 17 8 15 8
15 8 15 7 14 6 13 5
13 5 13 4 12 4 12 4
12 4 12 4 12 4 11 4
11 4 10 5 8 5 6 6
6 6 6 8 6 9 6 11
6 11 7 11 7 11 8 11
8 11 8 10 8 9 8 7
8 7 8 7 9 7 10 7
10 7 9 12 7 17 6 22
6 22 7 22 7 22 8 22
8 22 9 19 10 17 11 14
11 14 11 15 12 16 13 17
13 17 13 19 13 20 13 22
13 22 14 22 14 22 15 22
15 22 15 20 15 18 15 16
15 16 14 14 13 13 12 11
12 11 13 10 13 9 13 8
13 8 13 9 14 9 14 10
14 10 14 10 14 10 14 10
14 4 15 4 16 3 16 2
16 2 16 1 15 0 14 0
14 0 13 0 12 1 12 2
12 2 12 3 13 4 14 4
14 4 14 4 14 4 14 4
