size: 24.000000 x 24.000000
20 8 17 10 15 11 12 13
12 13 9 11 7 10 4 8
4 8 4 7 4 7 4 6
4 6 7 8 9 9 12 11
12 11 15 9 17 8 20 6
20 6 20 7 20 7 20 8
20 8 20 8 20 8 20 8
22 6 23 5 23 5 24 4
24 4 23 3 23 3 22 2
22 2 21 3 21 3 20 4
20 4 19 3 19 3 18 2
18 2 17 3 17 3 16 4
16 4 15 3 15 3 14 2
14 2 13 3 13 3 12 4
12 4 11 3 11 3 10 2
10 2 9 3 9 3 8 4
8 4 7 3 7 3 6 2
6 2 5 3 5 3 4 4
4 4 3 3 3 3 2 2
2 2 1 3 1 3 0 4
0 4 1 5 1 5 2 6
2 6 1 7 1 7 0 8
0 8 1 9 1 9 2 10
2 10 1 11 1 11 0 12
0 12 1 13 1 13 2 14
2 14 1 15 1 15 0 16
0 16 1 17 1 17 2 18
2 18 1 19 1 19 0 20
0 20 1 21 1 21 2 22
2 22 3 21 3 21 4 20
4 20 5 21 5 21 6 22
6 22 7 21 7 21 8 20
8 20 9 21 9 21 10 22
10 22 11 21 11 21 12 20
12 20 13 21 13 21 14 22
14 22 15 21 15 21 16 20
16 20 17 21 17 21 18 22
18 22 19 21 19 21 20 20
20 20 21 21 21 21 22 22
22 22 23 21 23 21 24 20
24 20 23 19 23 19 22 18
22 18 23 17 23 17 24 16
24 16 23 15 23 15 22 14
22 14 23 13 23 13 24 12
24 12 23 11 23 11 22 10
22 10 23 9 23 9 24 8
24 8 23 7 23 7 22 6
22 6 22 6 22 6 22 6
