size: 24.000000 x 24.000000
17 17 14 17 10 17 7 17
7 17 7 14 7 10 7 7
7 7 10 7 14 7 17 7
17 7 17 10 17 14 17 17
17 17 17 17 17 17 17 17
21 11 21 10 21 10 21 9
21 9 20 9 20 9 19 9
19 9 19 8 19 8 19 7
19 7 19 6 18 5 17 5
17 5 16 5 16 5 15 5
15 5 15 4 15 4 15 3
15 3 14 3 14 3 13 3
13 3 13 4 13 4 13 5
13 5 12 5 12 5 11 5
11 5 11 4 11 4 11 3
11 3 10 3 10 3 9 3
9 3 9 4 9 4 9 5
9 5 8 5 8 5 7 5
7 5 6 5 5 6 5 7
5 7 5 8 5 8 5 9
5 9 4 9 4 9 3 9
3 9 3 10 3 10 3 11
3 11 4 11 4 11 5 11
5 11 5 12 5 12 5 13
5 13 4 13 4 13 3 13
3 13 3 14 3 14 3 15
3 15 4 15 4 15 5 15
5 15 5 16 5 16 5 17
5 17 5 18 6 19 7 19
7 19 8 19 8 19 9 19
9 19 9 20 9 20 9 21
9 21 10 21 10 21 11 21
11 21 11 20 11 20 11 19
11 19 12 19 12 19 13 19
13 19 13 20 13 20 13 21
13 21 14 21 14 21 15 21
15 21 15 20 15 20 15 19
15 19 16 19 16 19 17 19
17 19 18 19 19 18 19 17
19 17 19 16 19 16 19 15
19 15 20 15 20 15 21 15
21 15 21 14 21 14 21 13
21 13 20 13 20 13 19 13
19 13 19 12 19 12 19 11
19 11 20 11 20 11 21 11
21 11 21 11 21 11 21 11
13 13 12 13 12 13 11 13
11 13 11 12 11 12 11 11
11 11 12 11 12 11 13 11
13 11 13 12 13 12 13 13
13 13 13 13 13 13 13 13
15 9 13 9 11 9 9 9
9 9 9 11 9 13 9 15
9 15 11 15 13 15 15 15
15 15 15 13 15 11 15 9
15 9 15 9 15 9 15 9
