size: 24.000000 x 24.000000
16 17 15 17 14 17 14 17
14 17 13 14 13 12 12 10
12 10 11 12 11 14 10 17
10 17 10 17 9 17 8 17
8 17 8 14 7 10 6 7
6 7 7 7 7 7 8 7
8 7 8 10 9 12 9 14
9 14 10 12 11 10 11 7
11 7 12 7 12 7 13 7
13 7 13 10 14 12 15 14
15 14 15 12 16 10 16 7
16 7 17 7 17 7 18 7
18 7 17 10 16 14 16 17
16 17 16 17 16 17 16 17
19 3 14 3 10 3 5 3
5 3 4 3 3 4 3 5
3 5 3 10 3 14 3 19
3 19 3 20 4 21 5 21
5 21 10 21 14 21 19 21
19 21 20 21 21 20 21 19
21 19 21 14 21 10 21 5
21 5 21 4 20 3 19 3
19 3 19 3 19 3 19 3
