size: 24.000000 x 24.000000
19 10 18 10 18 10 17 10
17 10 17 13 15 15 12 15
12 15 9 15 7 13 7 10
7 10 6 10 6 10 5 10
5 10 5 13 8 16 11 17
11 17 11 18 11 19 11 20
11 20 12 20 12 20 13 20
13 20 13 19 13 18 13 17
13 17 16 16 19 13 19 10
19 10 19 10 19 10 19 10
15 24 16 24 16 24 17 24
17 24 17 23 17 23 17 22
17 22 16 22 16 22 15 22
15 22 15 23 15 23 15 24
15 24 15 24 15 24 15 24
11 24 12 24 12 24 13 24
13 24 13 23 13 23 13 22
13 22 12 22 12 22 11 22
11 22 11 23 11 23 11 24
11 24 11 24 11 24 11 24
12 13 14 13 15 12 15 10
15 10 15 8 15 6 15 4
15 4 15 2 14 1 12 1
12 1 10 1 9 2 9 4
9 4 9 6 9 8 9 10
9 10 9 12 10 13 12 13
12 13 12 13 12 13 12 13
7 24 8 24 8 24 9 24
9 24 9 23 9 23 9 22
9 22 8 22 8 22 7 22
7 22 7 23 7 23 7 24
7 24 7 24 7 24 7 24
