size: 24.000000 x 24.000000
24 17 21 14 16 12 12 12
12 12 8 12 3 14 0 17
0 17 0 17 0 17 0 17
0 17 0 18 0 18 0 18
0 18 1 19 2 20 3 21
3 21 3 21 3 21 4 21
4 21 4 21 4 21 4 21
4 21 5 20 6 19 7 19
7 19 7 18 7 18 7 18
7 18 7 17 7 16 7 15
7 15 9 14 10 14 12 14
12 14 14 14 15 14 17 15
17 15 17 16 17 17 17 18
17 18 17 18 17 19 17 19
17 19 18 19 19 20 20 21
20 21 20 21 20 21 21 21
21 21 21 21 21 21 21 21
21 21 22 20 23 19 24 18
24 18 24 18 24 18 24 17
24 17 24 17 24 17 24 17
24 17 24 17 24 17 24 17
6 6 8 7 10 9 12 11
12 11 14 9 17 6 19 4
19 4 19 4 18 3 18 3
18 3 16 5 14 7 12 9
12 9 10 8 9 6 8 4
8 4 9 4 10 4 11 4
11 4 11 4 11 4 11 3
11 3 9 3 7 3 5 3
5 3 5 5 5 7 5 9
5 9 6 9 6 9 6 9
6 9 6 8 6 7 6 6
6 6 6 6 6 6 6 6
