size: 24.000000 x 24.000000
14 3 14 4 14 4 14 5
14 5 15 5 16 5 18 5
18 5 14 8 11 12 8 15
8 15 8 15 9 16 9 16
9 16 12 13 16 10 19 6
19 6 19 8 19 9 19 10
19 10 20 10 20 10 21 10
21 10 21 8 21 5 21 3
21 3 19 3 16 3 14 3
14 3 14 3 14 3 14 3
19 19 14 19 10 19 5 19
5 19 5 14 5 10 5 5
5 5 7 5 10 5 12 5
12 5 12 4 12 4 12 3
12 3 10 3 7 3 5 3
5 3 4 3 3 4 3 5
3 5 3 10 3 14 3 19
3 19 3 20 4 21 5 21
5 21 10 21 14 21 19 21
19 21 20 21 21 20 21 19
21 19 21 17 21 14 21 12
21 12 20 12 20 12 19 12
19 12 19 14 19 17 19 19
19 19 19 19 19 19 19 19
