size: 24.000000 x 24.000000
15 21 16 21 16 21 17 21
17 21 17 20 17 20 17 19
17 19 16 19 16 19 15 19
15 19 15 20 15 20 15 21
15 21 15 21 15 21 15 21
11 21 12 21 12 21 13 21
13 21 13 20 13 20 13 19
13 19 12 19 12 19 11 19
11 19 11 20 11 20 11 21
11 21 11 21 11 21 11 21
19 13 20 13 20 13 21 13
21 13 21 12 21 12 21 11
21 11 20 11 20 11 19 11
19 11 19 12 19 12 19 13
19 13 19 13 19 13 19 13
19 21 20 21 21 20 21 19
21 19 20 19 20 19 19 19
19 19 19 20 19 20 19 21
19 21 19 21 19 21 19 21
7 5 8 5 8 5 9 5
9 5 9 4 9 4 9 3
9 3 8 3 8 3 7 3
7 3 7 4 7 4 7 5
7 5 7 5 7 5 7 5
19 17 20 17 20 17 21 17
21 17 21 16 21 16 21 15
21 15 20 15 20 15 19 15
19 15 19 16 19 16 19 17
19 17 19 17 19 17 19 17
19 3 16 3 14 3 11 3
11 3 11 5 11 7 11 9
11 9 14 9 18 9 21 9
21 9 21 8 21 6 21 5
21 5 21 4 20 3 19 3
19 3 19 3 19 3 19 3
5 21 5 20 5 20 5 19
5 19 4 19 4 19 3 19
3 19 3 20 4 21 5 21
5 21 5 21 5 21 5 21
3 17 4 17 4 17 5 17
5 17 5 16 5 16 5 15
5 15 4 15 4 15 3 15
3 15 3 16 3 16 3 17
3 17 3 17 3 17 3 17
7 21 8 21 8 21 9 21
9 21 9 20 9 20 9 19
9 19 8 19 8 19 7 19
7 19 7 20 7 20 7 21
7 21 7 21 7 21 7 21
3 5 4 5 4 5 5 5
5 5 5 4 5 4 5 3
5 3 4 3 3 4 3 5
3 5 3 5 3 5 3 5
3 13 4 13 4 13 5 13
5 13 5 12 5 12 5 11
5 11 4 11 4 11 3 11
3 11 3 12 3 12 3 13
3 13 3 13 3 13 3 13
3 9 4 9 4 9 5 9
5 9 5 8 5 8 5 7
5 7 4 7 4 7 3 7
3 7 3 8 3 8 3 9
3 9 3 9 3 9 3 9
