size: 24.000000 x 24.000000
18 6 16 6 15 6 13 6
13 6 12 6 11 7 11 8
11 8 11 9 11 10 11 10
11 10 10 11 10 11 10 12
10 12 10 13 11 14 12 14
12 14 13 14 14 13 14 12
14 12 14 11 14 11 13 10
13 10 13 10 13 9 13 8
13 8 14 8 15 8 16 8
16 8 16 11 16 13 16 16
16 16 13 16 11 16 8 16
8 16 8 13 8 11 8 8
8 8 9 8 9 8 10 8
10 8 10 7 10 7 10 6
10 6 9 6 9 6 8 6
8 6 7 6 7 6 6 6
6 6 6 10 6 14 6 18
6 18 10 18 14 18 18 18
18 18 18 14 18 10 18 6
18 6 18 6 18 6 18 6
20 20 15 20 9 20 4 20
4 20 4 15 4 9 4 4
4 4 9 4 15 4 20 4
20 4 20 9 20 15 20 20
20 20 20 20 20 20 20 20
20 2 15 2 9 2 4 2
4 2 3 2 2 3 2 4
2 4 2 9 2 15 2 20
2 20 2 21 3 22 4 22
4 22 9 22 15 22 20 22
20 22 21 22 22 21 22 20
22 20 22 15 22 9 22 4
22 4 22 3 21 2 20 2
20 2 20 2 20 2 20 2
