size: 24.000000 x 24.000000
14 10 13 11 12 12 11 13
11 13 12 13 13 13 14 13
14 13 14 14 14 14 14 15
14 15 12 15 11 15 9 15
9 15 9 14 9 14 9 13
9 13 10 12 11 11 12 10
12 10 11 10 10 10 9 10
9 10 9 9 9 9 9 8
9 8 11 8 12 8 14 8
14 8 14 9 14 9 14 10
14 10 14 10 14 10 14 10
18 16 18 14 18 12 18 10
18 10 18 7 16 5 13 4
13 4 13 4 13 4 13 4
13 4 13 3 12 2 12 2
12 2 11 2 10 3 10 4
10 4 10 4 10 4 10 4
10 4 7 5 5 7 5 10
5 10 5 12 5 14 5 16
5 16 4 17 4 17 3 18
3 18 3 18 3 19 3 19
3 19 9 19 14 19 20 19
20 19 20 19 20 18 20 18
20 18 19 17 19 17 18 16
18 16 18 16 18 16 18 16
12 22 13 22 14 21 14 20
14 20 12 20 11 20 10 20
10 20 10 21 10 22 12 22
12 22 12 22 12 22 12 22
