size: 24.000000 x 24.000000
16 17 13 17 10 17 7 17
7 17 7 15 7 13 7 10
7 10 7 8 9 6 12 6
12 6 14 6 16 8 16 10
16 10 16 13 16 15 16 17
16 17 16 17 16 17 16 17
18 16 18 14 18 12 18 10
18 10 18 7 16 5 13 4
13 4 13 4 13 4 13 4
13 4 13 3 12 2 12 2
12 2 11 2 10 3 10 4
10 4 10 4 10 4 10 4
10 4 7 5 5 7 5 10
5 10 5 12 5 14 5 16
5 16 4 17 4 17 3 18
3 18 3 18 3 19 3 19
3 19 9 19 14 19 20 19
20 19 20 19 20 18 20 18
20 18 19 17 19 17 18 16
18 16 18 16 18 16 18 16
12 22 13 22 14 21 14 20
14 20 12 20 11 20 10 20
10 20 10 21 10 22 12 22
12 22 12 22 12 22 12 22
