size: 24.000000 x 24.000000
18 12 17 12 16 11 16 10
16 10 16 10 17 9 18 9
18 9 18 9 19 10 19 10
19 10 19 11 18 12 18 12
18 12 18 12 18 12 18 12
14 8 14 8 13 7 13 6
13 6 13 6 14 5 14 5
14 5 15 5 16 6 16 6
16 6 16 7 15 8 14 8
14 8 14 8 14 8 14 8
10 8 9 8 8 7 8 6
8 6 8 6 9 5 10 5
10 5 10 5 11 6 11 6
11 6 11 7 10 8 10 8
10 8 10 8 10 8 10 8
6 12 6 12 5 11 5 10
5 10 5 10 6 9 6 9
6 9 7 9 8 10 8 10
8 10 8 11 7 12 6 12
6 12 6 12 6 12 6 12
12 3 7 3 3 7 3 12
3 12 3 17 7 21 12 21
12 21 13 21 14 20 14 20
14 20 14 19 13 19 13 18
13 18 13 18 13 18 13 18
13 18 13 17 13 16 14 16
14 16 15 16 15 16 16 16
16 16 19 16 21 14 21 11
21 11 21 7 17 3 12 3
12 3 12 3 12 3 12 3
