size: 24.000000 x 24.000000
10 13 10 15 10 16 10 17
10 17 9 17 9 17 8 17
8 17 8 14 8 10 8 7
8 7 9 7 11 7 12 7
12 7 14 7 14 7 15 8
15 8 16 8 16 9 16 10
16 10 16 11 16 12 15 12
15 12 14 13 14 13 12 13
12 13 11 13 11 13 10 13
10 13 10 13 10 13 10 13
19 3 14 3 10 3 5 3
5 3 4 3 3 4 3 5
3 5 3 10 3 14 3 19
3 19 3 20 4 21 5 21
5 21 10 21 14 21 19 21
19 21 20 21 21 20 21 19
21 19 21 14 21 10 21 5
21 5 21 4 20 3 19 3
19 3 19 3 19 3 19 3
10 12 10 11 10 10 10 8
10 8 11 8 11 8 12 8
12 8 13 8 13 9 14 9
14 9 14 9 14 10 14 10
14 10 14 11 14 11 14 12
14 12 13 12 13 12 12 12
12 12 11 12 11 12 10 12
10 12 10 12 10 12 10 12
