size: 24.000000 x 24.000000
12 13 9 13 4 14 4 17
4 17 4 18 4 19 4 20
4 20 9 20 15 20 20 20
20 20 20 19 20 18 20 17
20 17 20 14 15 13 12 13
12 13 12 13 12 13 12 13
12 13 12 13 12 13 12 13
12 4 10 4 8 6 8 8
8 8 8 10 10 12 12 12
12 12 14 12 16 10 16 8
16 8 16 6 14 4 12 4
12 4 12 4 12 4 12 4
12 4 12 4 12 4 12 4
12 15 15 15 18 16 18 17
18 17 18 17 18 18 18 18
18 18 14 18 10 18 6 18
6 18 6 18 6 17 6 17
6 17 6 16 9 15 12 15
12 6 13 6 14 7 14 8
14 8 14 9 13 10 12 10
12 10 11 10 10 9 10 8
10 8 10 7 11 6 12 6
