size: 24.000000 x 24.000000
15 12 16 12 16 12 17 12
17 12 17 9 15 7 12 7
12 7 12 8 12 8 12 9
12 9 14 9 15 10 15 12
15 12 15 12 15 12 15 12
19 12 20 12 20 12 21 12
21 12 21 7 17 3 12 3
12 3 12 4 12 4 12 5
12 5 16 5 19 8 19 12
19 12 19 12 19 12 19 12
20 16 19 16 18 15 16 15
16 15 16 15 16 15 15 15
15 15 15 16 14 17 13 17
13 17 10 16 8 13 7 11
7 11 7 10 8 9 9 8
9 8 9 8 9 8 9 7
9 7 9 6 8 5 8 4
8 4 8 3 8 3 8 3
8 3 6 3 5 3 4 3
4 3 3 3 3 3 3 4
3 4 3 13 11 21 20 21
20 21 21 21 21 21 21 20
21 20 21 19 21 18 21 16
21 16 21 16 21 16 20 16
20 16 20 16 20 16 20 16
