size: 24.000000 x 24.000000
19 4 18 4 17 4 16 4
16 4 16 4 16 4 16 4
16 4 16 3 17 2 18 2
18 2 18 2 19 3 19 4
19 4 19 4 19 4 19 4
19 4 19 4 19 4 19 4
20 4 20 4 20 4 20 4
20 4 20 2 19 1 18 1
18 1 16 1 15 2 15 4
15 4 15 4 15 4 15 4
15 4 14 4 14 4 14 5
14 5 14 6 14 8 14 9
14 9 14 10 14 10 15 10
15 10 17 10 18 10 20 10
20 10 21 10 21 10 21 9
21 9 21 8 21 6 21 5
21 5 21 4 21 4 20 4
20 4 20 4 20 4 20 4
20 16 19 16 18 15 16 15
16 15 16 15 16 15 15 15
15 15 15 16 14 17 13 17
13 17 10 16 8 13 7 11
7 11 7 10 8 9 9 8
9 8 9 8 9 8 9 7
9 7 9 6 8 5 8 4
8 4 8 3 8 3 8 3
8 3 6 3 5 3 4 3
4 3 3 3 3 3 3 4
3 4 3 13 11 21 20 21
20 21 21 21 21 21 21 20
21 20 21 19 21 18 21 16
21 16 21 16 21 16 20 16
20 16 20 16 20 16 20 16
