size: 24.000000 x 24.000000
19 3 19 5 19 8 19 10
19 10 20 10 20 10 21 10
21 10 21 8 21 5 21 3
21 3 20 3 20 3 19 3
19 3 19 3 19 3 19 3
20 16 19 16 18 15 16 15
16 15 16 15 16 15 15 15
15 15 15 16 14 17 13 17
13 17 10 16 8 13 7 11
7 11 7 10 8 9 9 8
9 8 9 8 9 8 9 7
9 7 9 6 8 5 8 4
8 4 8 3 8 3 8 3
8 3 6 3 5 3 4 3
4 3 3 3 3 3 3 4
3 4 3 13 11 21 20 21
20 21 21 21 21 21 21 20
21 20 21 19 21 18 21 16
21 16 21 16 21 16 20 16
20 16 20 16 20 16 20 16
17 3 16 3 16 3 15 3
15 3 15 5 15 8 15 10
15 10 16 10 16 10 17 10
17 10 17 8 17 5 17 3
17 3 17 3 17 3 17 3
