size: 24.000000 x 24.000000
19 9 19 10 19 10 19 11
19 11 20 11 20 11 21 11
21 11 21 10 21 10 21 9
21 9 20 9 20 9 19 9
19 9 19 9 19 9 19 9
20 16 19 16 18 15 16 15
16 15 16 15 16 15 15 15
15 15 15 16 14 17 13 17
13 17 10 16 8 13 7 11
7 11 7 10 8 9 9 8
9 8 9 8 9 8 9 7
9 7 9 6 8 5 8 4
8 4 8 3 8 3 8 3
8 3 6 3 5 3 4 3
4 3 3 3 3 3 3 4
3 4 3 13 11 21 20 21
20 21 21 21 21 21 21 20
21 20 21 19 21 18 21 16
21 16 21 16 21 16 20 16
20 16 20 16 20 16 20 16
17 9 16 9 16 9 15 9
15 9 15 10 15 10 15 11
15 11 16 11 16 11 17 11
17 11 17 10 17 10 17 9
17 9 17 9 17 9 17 9
13 9 12 9 12 9 11 9
11 9 11 10 11 10 11 11
11 11 12 11 12 11 13 11
13 11 13 10 13 10 13 9
13 9 13 9 13 9 13 9
