size: 24.000000 x 24.000000
20 16 19 16 18 15 16 15
16 15 16 15 16 15 15 15
15 15 15 16 14 17 13 17
13 17 10 16 8 13 7 11
7 11 7 10 8 9 9 8
9 8 9 8 9 8 9 7
9 7 9 6 8 5 8 4
8 4 8 3 8 3 8 3
8 3 6 3 5 3 4 3
4 3 3 3 3 3 3 4
3 4 3 13 11 21 20 21
20 21 21 21 21 21 21 20
21 20 21 19 21 18 21 16
21 16 21 16 21 16 20 16
20 16 20 16 20 16 20 16
18 7 18 7 19 8 19 8
19 8 19 8 18 9 18 9
18 9 18 8 18 8 18 7
18 7 18 7 18 7 18 7
18 3 18 3 19 4 19 4
19 4 19 4 18 4 18 5
18 5 18 4 18 4 18 3
18 3 18 3 18 3 18 3
15 10 15 9 16 8 17 7
17 7 17 8 17 10 17 11
17 11 17 11 17 11 18 11
18 11 18 10 19 9 20 8
20 8 20 7 19 7 18 6
18 6 19 5 20 5 20 4
20 4 19 3 18 2 18 1
18 1 17 1 17 1 17 1
17 1 17 2 17 4 17 5
17 5 16 4 15 3 15 3
15 3 14 3 14 3 14 3
14 3 15 4 16 5 17 6
17 6 16 7 15 8 14 9
14 9 14 9 14 9 15 10
15 10 15 10 15 10 15 10
