size: 24.000000 x 24.000000
1 5 1 10 1 16 1 21
1 21 1 22 2 23 3 23
3 23 8 23 14 23 19 23
19 23 19 22 19 22 19 21
19 21 14 21 8 21 3 21
3 21 3 16 3 10 3 5
3 5 2 5 2 5 1 5
1 5 1 5 1 5 1 5
10 12 11 12 12 14 13 14
13 14 14 13 15 12 16 10
16 10 18 12 20 14 21 16
21 16 16 16 12 16 7 16
7 16 8 14 9 13 10 12
10 12 10 12 10 12 10 12
23 17 23 12 23 8 23 3
23 3 23 2 22 1 21 1
21 1 16 1 12 1 7 1
7 1 6 1 5 2 5 3
5 3 5 8 5 12 5 17
5 17 5 18 6 19 7 19
7 19 12 19 16 19 21 19
21 19 22 19 23 18 23 17
23 17 23 17 23 17 23 17
