size: 24.000000 x 24.000000
20 9 19 9 19 9 18 9
18 9 18 8 18 8 18 7
18 7 19 7 19 7 20 7
20 7 20 8 20 8 20 9
20 9 20 9 20 9 20 9
20 18 19 18 19 18 18 18
18 18 18 17 18 17 18 16
18 16 19 16 19 16 20 16
20 16 20 17 20 17 20 18
20 18 20 18 20 18 20 18
16 9 15 9 15 9 14 9
14 9 14 8 14 8 14 7
14 7 15 7 15 7 16 7
16 7 16 8 16 8 16 9
16 9 16 9 16 9 16 9
16 18 15 18 15 18 14 18
14 18 14 17 14 17 14 16
14 16 15 16 15 16 16 16
16 16 16 17 16 17 16 18
16 18 16 18 16 18 16 18
12 9 11 9 11 9 10 9
10 9 10 8 10 8 10 7
10 7 11 7 11 7 12 7
12 7 12 8 12 8 12 9
12 9 12 9 12 9 12 9
12 18 11 18 11 18 10 18
10 18 10 17 10 17 10 16
10 16 11 16 11 16 12 16
12 16 12 17 12 17 12 18
12 18 12 18 12 18 12 18
14 5 14 4 13 3 12 3
12 3 12 3 11 3 11 3
11 3 11 3 11 2 11 2
11 2 11 1 11 1 10 1
10 1 9 1 7 1 6 1
6 1 5 1 5 1 5 2
5 2 5 2 5 3 5 3
5 3 5 3 4 3 4 3
4 3 3 3 2 4 2 5
2 5 2 10 2 15 2 20
2 20 2 21 3 22 4 22
4 22 7 22 9 22 12 22
12 22 13 22 14 21 14 20
14 20 17 20 19 20 22 20
22 20 22 15 22 10 22 5
22 5 19 5 17 5 14 5
14 5 14 5 14 5 14 5
