size: 24.000000 x 24.000000
13 16 12 16 11 16 11 15
11 15 11 16 10 17 10 19
10 19 10 19 10 19 10 19
10 19 10 19 10 19 10 19
10 19 10 19 9 19 9 19
9 19 8 19 8 19 8 18
8 18 8 18 8 18 8 18
8 18 8 18 8 18 8 18
8 18 8 18 8 18 8 18
8 18 8 16 9 14 10 12
10 12 10 12 10 12 10 11
10 11 10 9 10 9 11 9
11 9 12 9 13 9 13 10
13 10 13 11 12 12 12 13
12 13 12 14 12 14 13 14
13 14 15 14 16 12 16 11
16 11 16 9 14 7 12 7
12 7 10 7 8 9 8 11
8 11 8 11 8 12 8 13
8 13 8 13 8 13 8 13
8 13 8 14 8 14 7 14
7 14 7 14 7 14 7 14
7 14 6 13 6 12 6 11
6 11 6 7 9 5 12 5
12 5 15 5 18 7 18 11
18 11 18 13 17 16 13 16
13 16 13 16 13 16 13 16
20 2 15 2 9 2 4 2
4 2 3 2 2 3 2 4
2 4 2 9 2 15 2 20
2 20 2 21 3 22 4 22
4 22 9 22 15 22 20 22
20 22 21 22 22 21 22 20
22 20 22 15 22 9 22 4
22 4 22 3 21 2 20 2
20 2 20 2 20 2 20 2
