size: 24.000000 x 24.000000
12 8 10 5 7 6 6 6
6 6 7 5 8 5 9 4
9 4 12 4 15 5 16 7
16 7 16 7 19 12 20 10
20 10 20 10 20 11 20 12
20 12 20 12 20 12 20 13
20 13 18 13 15 10 12 8
12 8 12 8 12 8 12 8
19 16 18 16 17 17 15 17
15 17 13 17 12 16 10 16
10 16 8 15 7 14 6 14
6 14 5 14 5 15 4 15
4 15 4 14 4 13 4 12
4 12 4 11 4 10 4 10
4 10 5 8 7 7 10 9
10 9 10 9 16 14 20 14
20 14 20 15 19 16 19 16
19 16 19 16 19 16 19 16
12 20 11 20 10 20 9 20
9 20 8 18 8 17 10 18
10 18 10 18 14 19 18 18
18 18 16 19 14 20 12 20
12 20 12 20 12 20 12 20
12 2 6 2 2 6 2 12
2 12 2 18 6 22 12 22
12 22 18 22 22 18 22 12
22 12 22 6 18 2 12 2
12 2 12 2 12 2 12 2
