size: 24.000000 x 24.000000
17 17 16 17 16 17 15 17
15 17 15 16 15 14 15 13
15 13 16 13 16 13 17 13
17 13 17 14 17 16 17 17
17 17 17 17 17 17 17 17
13 17 12 17 12 17 11 17
11 17 11 14 11 10 11 7
11 7 12 7 12 7 13 7
13 7 13 10 13 14 13 17
13 17 13 17 13 17 13 17
9 17 8 17 8 17 7 17
7 17 7 15 7 12 7 10
7 10 8 10 8 10 9 10
9 10 9 12 9 15 9 17
9 17 9 17 9 17 9 17
19 3 14 3 10 3 5 3
5 3 4 3 3 4 3 5
3 5 3 10 3 14 3 19
3 19 3 20 4 21 5 21
5 21 10 21 14 21 19 21
19 21 20 21 21 20 21 19
21 19 21 14 21 10 21 5
21 5 21 4 20 3 19 3
19 3 19 3 19 3 19 3
