size: 24.000000 x 24.000000
19 19 14 19 10 19 5 19
5 19 5 15 5 12 5 8
5 8 10 8 14 8 19 8
19 8 19 12 19 15 19 19
19 19 19 19 19 19 19 19
16 1 16 2 16 2 16 3
16 3 13 3 11 3 8 3
8 3 8 2 8 2 8 1
8 1 7 1 7 1 6 1
6 1 6 2 6 2 6 3
6 3 6 3 5 3 5 3
5 3 4 3 3 4 3 5
3 5 3 10 3 14 3 19
3 19 3 20 4 21 5 21
5 21 10 21 14 21 19 21
19 21 20 21 21 20 21 19
21 19 21 14 21 10 21 5
21 5 21 4 20 3 19 3
19 3 19 3 18 3 18 3
18 3 18 2 18 2 18 1
18 1 17 1 17 1 16 1
16 1 16 1 16 1 16 1
17 12 15 12 14 12 12 12
12 12 12 14 12 15 12 17
12 17 14 17 15 17 17 17
17 17 17 15 17 14 17 12
17 12 17 12 17 12 17 12
