size: 24.000000 x 24.000000
18 3 14 3 10 3 6 3
6 3 6 4 6 6 6 7
6 7 10 7 14 7 18 7
18 7 18 6 18 4 18 3
18 3 18 3 18 3 18 3
19 12 18 12 18 12 18 11
18 11 18 10 18 10 19 10
19 10 20 10 20 10 20 11
20 11 20 12 20 12 19 12
19 12 19 12 19 12 19 12
16 19 13 19 11 19 8 19
8 19 8 17 8 16 8 14
8 14 11 14 13 14 16 14
16 14 16 16 16 17 16 19
16 19 16 19 16 19 16 19
19 8 14 8 10 8 5 8
5 8 3 8 2 9 2 11
2 11 2 13 2 15 2 17
2 17 3 17 5 17 6 17
6 17 6 18 6 20 6 21
6 21 10 21 14 21 18 21
18 21 18 20 18 18 18 17
18 17 19 17 21 17 22 17
22 17 22 15 22 13 22 11
22 11 22 9 21 8 19 8
19 8 19 8 19 8 19 8
