size: 24.000000 x 24.000000
11 13 12 13 12 13 13 13
13 13 13 11 13 9 13 7
13 7 12 7 12 7 11 7
11 7 11 9 11 11 11 13
11 13 11 13 11 13 11 13
21 4 19 4 17 4 15 4
15 4 15 6 15 8 15 10
15 10 16 9 16 9 17 8
17 8 18 9 19 10 19 12
19 12 19 15 17 17 15 18
15 18 15 18 15 19 15 20
15 20 18 19 21 16 21 12
21 12 21 10 20 8 19 7
19 7 19 6 20 5 21 4
21 4 21 4 21 4 21 4
11 17 12 17 12 17 13 17
13 17 13 16 13 16 13 15
13 15 12 15 12 15 11 15
11 15 11 16 11 16 11 17
11 17 11 17 11 17 11 17
3 12 3 14 4 16 5 18
5 18 5 18 4 19 3 20
3 20 5 20 7 20 9 20
9 20 9 18 9 16 9 14
9 14 8 15 8 15 7 16
7 16 6 15 5 14 5 12
5 12 5 9 7 7 9 6
9 6 9 6 9 5 9 4
9 4 6 5 3 8 3 12
3 12 3 12 3 12 3 12
