size: 24.000000 x 24.000000
18 11 16 11 15 11 13 11
13 11 13 9 13 8 13 6
13 6 15 6 16 6 18 6
18 6 18 8 18 9 18 11
18 11 18 11 18 11 18 11
16 17 16 17 15 16 15 16
15 16 15 15 16 14 16 14
16 14 17 14 18 15 18 16
18 16 18 16 17 17 16 17
16 17 16 17 16 17 16 17
11 11 9 11 8 11 6 11
6 11 6 9 6 8 6 6
6 6 8 6 9 6 11 6
11 6 11 8 11 9 11 11
11 11 11 11 11 11 11 11
8 17 7 17 6 16 6 16
6 16 6 15 7 14 8 14
8 14 8 14 9 15 9 16
9 16 9 16 8 17 8 17
8 17 8 17 8 17 8 17
12 2 8 2 4 2 4 6
4 6 4 9 4 12 4 16
4 16 4 17 6 19 8 19
8 19 7 20 6 20 6 20
6 20 6 21 6 21 6 21
6 21 10 21 14 21 18 21
18 21 18 21 18 21 18 20
18 20 18 20 17 20 16 19
16 19 18 19 20 17 20 16
20 16 20 12 20 9 20 6
20 6 20 2 16 2 12 2
12 2 12 2 12 2 12 2
