size: 24.000000 x 24.000000
18 10 14 10 10 10 6 10
6 10 6 8 6 7 6 5
6 5 10 5 14 5 18 5
18 5 18 7 18 8 18 10
18 10 18 10 18 10 18 10
12 17 11 17 10 16 10 15
10 15 10 14 11 13 12 13
12 13 13 13 14 14 14 15
14 15 14 16 13 17 12 17
12 17 12 17 12 17 12 17
4 16 4 17 6 19 8 19
8 19 7 20 6 20 6 20
6 20 6 21 6 21 6 21
6 21 10 21 14 21 18 21
18 21 18 21 18 21 18 20
18 20 18 20 17 20 16 19
16 19 18 19 20 17 20 16
20 16 20 12 20 8 20 5
20 5 20 2 16 1 12 1
12 1 8 1 4 2 4 5
4 5 4 8 4 12 4 16
4 16 4 16 4 16 4 16
