size: 24.000000 x 24.000000
20 11 20 11 20 11 19 11
19 11 19 10 19 8 19 7
19 7 19 6 18 5 17 5
17 5 16 5 14 5 13 5
13 5 13 4 13 4 13 4
13 4 13 2 12 1 10 1
10 1 9 1 8 2 8 4
8 4 8 4 8 4 8 5
8 5 7 5 5 5 4 5
4 5 3 5 2 6 2 7
2 7 2 8 2 10 2 11
2 11 2 11 3 11 4 11
4 11 5 11 6 12 6 14
6 14 6 15 5 16 4 16
4 16 3 16 2 16 2 16
2 16 2 17 2 19 2 20
2 20 2 21 3 22 4 22
4 22 5 22 7 22 8 22
8 22 8 22 8 21 8 20
8 20 8 19 9 18 10 18
10 18 12 18 13 19 13 20
13 20 13 21 13 22 13 22
13 22 14 22 16 22 17 22
17 22 18 22 19 21 19 20
19 20 19 19 19 17 19 16
19 16 20 16 20 16 20 16
20 16 22 16 23 15 23 14
23 14 23 12 22 11 20 11
20 11 20 11 20 11 20 11
