size: 24.000000 x 24.000000
14 19 14 19 13 18 13 18
13 18 13 17 14 16 16 15
16 15 16 18 15 19 14 19
14 19 14 19 14 19 14 19
5 7 5 6 6 6 6 6
6 6 7 6 6 7 6 7
6 7 6 8 3 11 3 14
3 14 3 15 4 16 4 16
4 16 5 17 6 17 7 17
7 17 8 17 9 16 10 14
10 14 11 13 13 11 14 11
14 11 16 11 16 12 16 13
16 13 12 13 11 16 11 18
11 18 11 20 12 21 14 21
14 21 15 21 18 20 18 15
18 15 19 15 20 15 21 15
21 15 21 14 21 13 21 12
21 12 20 12 19 12 18 12
18 12 18 11 17 8 14 8
14 8 12 8 10 10 10 11
10 11 9 12 8 14 7 14
7 14 7 14 7 15 6 15
6 15 6 15 6 14 6 13
6 13 6 12 7 10 8 9
8 9 8 8 9 7 9 6
9 6 9 4 7 3 6 3
6 3 5 3 4 4 4 4
4 4 3 5 3 5 3 5
3 5 3 6 4 6 5 7
5 7 5 7 5 7 5 7
