size: 24.000000 x 24.000000
19 14 18 14 18 13 18 12
18 12 18 11 18 10 19 10
19 10 20 10 20 11 20 12
20 12 20 13 20 14 19 14
19 14 19 14 19 14 19 14
14 14 13 14 12 13 12 12
12 12 12 11 13 10 14 10
14 10 15 10 16 11 16 12
16 12 16 13 15 14 14 14
14 14 14 14 14 14 14 14
9 14 8 14 8 13 8 12
8 12 8 11 8 10 9 10
9 10 10 10 10 11 10 12
10 12 10 13 10 14 9 14
9 14 9 14 9 14 9 14
22 3 17 3 12 3 7 3
7 3 6 3 6 3 5 4
5 4 4 7 2 9 0 12
0 12 2 15 4 17 5 20
5 20 6 21 6 21 7 21
7 21 12 21 17 21 22 21
22 21 23 21 24 20 24 19
24 19 24 14 24 10 24 5
24 5 24 4 23 3 22 3
22 3 22 3 22 3 22 3
