size: 24.000000 x 24.000000
3 22 4 22 4 21 4 20
4 20 5 21 6 22 6 22
6 22 6 22 7 21 8 20
8 20 8 21 8 22 9 22
9 22 10 22 10 21 10 20
10 20 11 21 12 22 12 22
12 22 12 22 13 21 14 20
14 20 14 21 14 22 15 22
15 22 16 22 16 21 16 20
16 20 17 21 18 22 18 22
18 22 18 22 19 21 20 20
20 20 20 21 20 22 21 22
21 22 21 15 21 9 21 2
21 2 20 2 20 3 20 4
20 4 19 3 18 2 18 2
18 2 18 2 17 3 16 4
16 4 16 3 16 2 15 2
15 2 14 2 14 3 14 4
14 4 13 3 12 2 12 2
12 2 12 2 11 3 10 4
10 4 10 3 10 2 9 2
9 2 8 2 8 3 8 4
8 4 7 3 6 2 6 2
6 2 6 2 5 3 4 4
4 4 4 3 4 2 3 2
3 2 3 9 3 15 3 22
3 22 3 22 3 22 3 22
18 9 14 9 10 9 6 9
6 9 6 8 6 8 6 7
6 7 10 7 14 7 18 7
18 7 18 8 18 8 18 9
18 9 18 9 18 9 18 9
18 13 14 13 10 13 6 13
6 13 6 12 6 12 6 11
6 11 10 11 14 11 18 11
18 11 18 12 18 12 18 13
18 13 18 13 18 13 18 13
18 17 14 17 10 17 6 17
6 17 6 16 6 16 6 15
6 15 10 15 14 15 18 15
18 15 18 16 18 16 18 17
18 17 18 17 18 17 18 17
