size: 24.000000 x 24.000000
17 12 17 15 15 17 12 17
12 17 9 17 7 15 7 12
7 12 6 12 6 12 5 12
5 12 5 15 8 18 11 19
11 19 11 20 11 21 11 22
11 22 12 22 12 22 13 22
13 22 13 21 13 20 13 19
13 19 16 18 19 15 19 12
19 12 18 12 18 12 17 12
17 12 17 12 17 12 17 12
11 6 11 5 11 5 12 5
12 5 13 5 13 5 13 6
13 6 13 8 13 10 13 12
13 12 13 13 13 13 12 13
12 13 11 13 11 13 11 12
11 12 11 10 11 8 11 6
11 6 11 6 11 6 11 6
12 15 14 15 15 14 15 12
15 12 15 10 15 8 15 6
15 6 15 4 14 3 12 3
12 3 10 3 9 4 9 6
9 6 9 8 9 10 9 12
9 12 9 14 10 15 12 15
12 15 12 15 12 15 12 15
