size: 24.000000 x 24.000000
13 19 14 20 16 21 17 22
17 22 17 22 18 22 18 21
18 21 17 20 16 19 15 18
15 18 14 18 14 19 13 19
13 19 13 19 13 19 13 19
16 12 16 12 16 12 16 12
16 12 14 13 13 14 12 15
12 15 11 14 10 13 8 12
8 12 8 12 8 12 8 12
8 12 8 12 8 12 8 12
8 12 8 11 7 9 7 8
7 8 7 5 9 3 12 3
12 3 15 3 17 5 17 8
17 8 17 9 16 11 16 12
16 12 16 12 16 12 16 12
16 12 16 12 16 12 16 12
17 13 18 12 19 10 19 8
19 8 19 4 16 1 12 1
12 1 8 1 5 4 5 8
5 8 5 10 6 12 7 13
7 13 7 13 7 13 7 13
7 13 8 14 9 15 11 16
11 16 9 18 8 20 6 21
6 21 6 22 7 22 7 22
7 22 11 19 14 16 17 13
17 13 17 13 17 13 17 13
