size: 24.000000 x 24.000000
6 10 7 9 7 9 8 8
8 8 7 7 5 6 4 5
4 5 4 5 3 6 3 6
3 6 3 6 6 10 6 10
6 10 6 10 6 10 6 10
13 2 12 2 12 2 11 2
11 2 11 4 11 5 11 7
11 7 12 7 12 7 13 7
13 7 13 5 13 4 13 2
13 2 13 2 13 2 13 2
21 6 21 6 20 5 20 5
20 5 19 6 17 7 16 8
16 8 17 9 17 9 18 10
18 10 18 10 21 6 21 6
21 6 21 6 21 6 21 6
24 17 21 14 16 12 12 12
12 12 8 12 3 14 0 17
0 17 0 17 0 17 0 17
0 17 0 18 0 18 0 18
0 18 1 19 2 20 3 21
3 21 3 21 3 21 4 21
4 21 4 21 4 21 4 21
4 21 5 20 6 19 7 19
7 19 7 18 7 18 7 18
7 18 7 17 7 16 7 15
7 15 9 14 10 14 12 14
12 14 14 14 15 14 17 15
17 15 17 16 17 17 17 18
17 18 17 18 17 19 17 19
17 19 18 19 19 20 20 21
20 21 20 21 20 21 21 21
21 21 21 21 21 21 21 21
21 21 22 20 23 19 24 18
24 18 24 18 24 18 24 17
24 17 24 17 24 17 24 17
24 17 24 17 24 17 24 17
