size: 24.000000 x 24.000000
17 16 17 16 18 16 18 17
18 17 19 16 20 14 20 13
20 13 19 13 19 13 18 13
18 13 18 14 17 15 17 16
17 16 17 16 17 16 17 16
13 18 13 19 13 19 13 20
13 20 14 20 16 19 17 18
17 18 16 18 16 17 16 17
16 17 15 17 14 18 13 18
13 18 13 18 13 18 13 18
20 11 20 10 19 8 18 7
18 7 18 8 17 8 17 8
17 8 17 9 18 10 18 11
18 11 19 11 19 11 20 11
20 11 20 11 20 11 20 11
16 6 14 4 12 2 11 1
11 1 11 2 11 3 11 4
11 4 7 5 4 8 4 12
4 12 4 16 7 19 11 20
11 20 11 19 11 19 11 18
11 18 8 17 6 15 6 12
6 12 6 9 8 7 11 6
11 6 11 7 11 9 11 10
11 10 12 8 14 7 16 6
16 6 16 6 16 6 16 6
