size: 24.000000 x 24.000000
13 4 13 3 13 2 13 1
13 1 12 2 10 4 8 6
8 6 10 7 12 8 13 10
13 10 13 9 13 7 13 6
13 6 16 7 18 9 18 12
18 12 18 15 16 17 13 18
13 18 13 19 13 19 13 20
13 20 17 19 20 16 20 12
20 12 20 8 17 5 13 4
13 4 13 4 13 4 13 4
7 18 8 19 10 20 11 20
11 20 11 19 11 19 11 18
11 18 10 18 9 17 8 17
8 17 8 17 8 18 7 18
7 18 7 18 7 18 7 18
6 13 5 13 5 13 4 13
4 13 4 14 5 16 6 17
6 17 6 16 7 16 7 16
7 16 7 15 6 14 6 13
6 13 6 13 6 13 6 13
7 8 7 8 6 8 6 7
6 7 5 8 4 10 4 11
4 11 5 11 5 11 6 11
6 11 6 10 7 9 7 8
7 8 7 8 7 8 7 8
