size: 24.000000 x 24.000000
15 12 14 12 13 13 13 14
13 14 13 15 14 16 15 16
15 16 16 16 17 15 17 14
17 14 17 13 16 12 15 12
15 12 15 12 15 12 15 12
12 20 8 20 4 16 4 12
4 12 4 8 8 4 12 4
12 4 16 4 20 8 20 12
20 12 20 16 16 20 12 20
12 20 12 20 12 20 12 20
12 2 6 2 2 6 2 12
2 12 2 18 6 22 12 22
12 22 18 22 22 18 22 12
22 12 22 6 18 2 12 2
12 2 12 2 12 2 12 2
14 9 14 8 13 7 12 7
12 7 11 7 10 8 10 9
10 9 10 10 11 11 12 11
12 11 13 11 14 10 14 9
14 9 14 9 14 9 14 9
9 12 8 12 7 13 7 14
7 14 7 15 8 16 9 16
9 16 10 16 11 15 11 14
11 14 11 13 10 12 9 12
9 12 9 12 9 12 9 12
