size: 24.000000 x 24.000000
12 20 8 20 4 16 4 12
4 12 4 8 8 4 12 4
12 4 16 4 20 8 20 12
20 12 20 16 16 20 12 20
12 20 12 20 12 20 12 20
12 2 6 2 2 6 2 12
2 12 2 18 6 22 12 22
12 22 18 22 22 18 22 12
22 12 22 6 18 2 12 2
12 2 12 2 12 2 12 2
13 8 12 8 12 8 11 8
11 8 11 9 11 10 11 11
11 11 10 11 9 11 8 11
8 11 8 12 8 12 8 13
8 13 9 13 10 13 11 13
11 13 11 14 11 15 11 16
11 16 12 16 12 16 13 16
13 16 13 15 13 14 13 13
13 13 14 13 15 13 16 13
16 13 16 12 16 12 16 11
16 11 15 11 14 11 13 11
13 11 13 10 13 9 13 8
13 8 13 8 13 8 13 8
