size: 24.000000 x 24.000000
12 20 10 20 8 19 6 18
6 18 10 14 14 10 18 6
18 6 19 8 20 10 20 12
20 12 20 16 16 20 12 20
12 20 12 20 12 20 12 20
6 8 7 8 7 8 8 8
8 8 8 7 8 7 8 6
8 6 8 6 9 6 10 6
10 6 10 7 10 7 10 8
10 8 10 8 11 8 12 8
12 8 12 8 12 9 12 10
12 10 11 10 10 10 10 10
10 10 10 10 10 11 10 12
10 12 9 12 8 12 8 12
8 12 8 11 8 10 8 10
8 10 7 10 7 10 6 10
6 10 6 9 6 8 6 8
6 8 6 8 6 8 6 8
12 2 6 2 2 6 2 12
2 12 2 18 6 22 12 22
12 22 18 22 22 18 22 12
22 12 22 6 18 2 12 2
12 2 12 2 12 2 12 2
12 16 14 16 15 16 17 16
17 16 17 16 17 15 17 14
17 14 15 14 14 14 12 14
12 14 12 15 12 16 12 16
12 16 12 16 12 16 12 16
