size: 24.000000 x 24.000000
8 22 4 20 2 17 2 13
2 13 1 13 1 13 0 13
0 13 1 19 6 24 12 24
12 24 12 24 12 24 13 24
13 24 11 23 10 21 9 20
9 20 8 21 8 21 8 22
8 22 8 22 8 22 8 22
15 21 11 17 7 13 3 9
3 9 5 7 7 5 9 3
9 3 13 7 17 11 21 15
21 15 19 17 17 19 15 21
15 21 15 21 15 21 15 21
10 2 10 1 9 1 8 2
8 2 6 4 4 6 2 8
2 8 1 9 1 10 2 10
2 10 6 14 10 18 14 22
14 22 14 23 15 23 16 22
16 22 18 20 20 18 22 16
22 16 23 15 23 14 22 14
22 14 18 10 14 6 10 2
10 2 10 2 10 2 10 2
16 2 20 4 22 7 22 11
22 11 23 11 24 11 24 11
24 11 23 5 18 0 12 0
12 0 12 0 12 0 11 0
11 0 13 1 14 3 15 4
15 4 16 3 16 3 16 2
16 2 16 2 16 2 16 2
