size: 24.000000 x 24.000000
20 11 15 11 9 11 4 11
4 11 4 10 4 9 4 8
4 8 9 8 15 8 20 8
20 8 20 9 20 10 20 11
20 11 20 11 20 11 20 11
20 13 18 13 15 13 13 13
13 13 13 13 13 12 13 12
13 12 15 12 18 12 20 12
20 12 20 12 20 13 20 13
20 13 20 13 20 13 20 13
20 15 18 15 15 15 13 15
13 15 13 15 13 14 13 14
13 14 15 14 18 14 20 14
20 14 20 14 20 15 20 15
20 15 20 15 20 15 20 15
20 17 18 17 15 17 13 17
13 17 13 17 13 16 13 16
13 16 15 16 18 16 20 16
20 16 20 16 20 17 20 17
20 17 20 17 20 17 20 17
20 19 18 19 15 19 13 19
13 19 13 19 13 18 13 18
13 18 15 18 18 18 20 18
20 18 20 18 20 19 20 19
20 19 20 19 20 19 20 19
12 19 9 19 7 19 4 19
4 19 4 17 4 14 4 12
4 12 7 12 9 12 12 12
12 12 12 14 12 17 12 19
12 19 12 19 12 19 12 19
20 5 20 4 19 4 19 3
19 3 18 4 18 4 17 5
17 5 16 4 16 4 15 3
15 3 15 4 14 4 14 5
14 5 13 4 13 4 12 3
12 3 11 4 11 4 10 5
10 5 10 4 9 4 9 3
9 3 8 4 8 4 7 5
7 5 6 4 6 4 5 3
5 3 5 4 4 4 4 5
4 5 3 4 3 4 2 3
2 3 2 8 2 14 2 19
2 19 2 20 3 21 4 21
4 21 9 21 15 21 20 21
20 21 21 21 22 20 22 19
22 19 22 14 22 8 22 3
22 3 21 4 21 4 20 5
20 5 20 5 20 5 20 5
