size: 24.000000 x 24.000000
17 2 17 2 18 1 18 1
18 1 19 1 20 2 20 2
20 2 20 3 20 3 20 3
20 3 19 3 18 3 17 3
17 3 17 3 17 3 17 2
17 2 17 2 17 2 17 2
16 9 18 9 19 9 21 9
21 9 22 9 22 9 22 8
22 8 22 7 22 5 22 4
22 4 22 3 22 3 21 3
21 3 21 3 21 3 21 2
21 2 21 1 20 0 18 0
18 0 17 0 16 1 16 2
16 2 16 3 16 3 16 3
16 3 15 3 15 3 15 4
15 4 15 5 15 7 15 8
15 8 15 9 15 9 16 9
16 9 16 9 16 9 16 9
8 20 5 19 3 16 2 12
2 12 2 12 2 12 1 12
1 12 2 18 7 23 13 23
13 23 13 23 13 23 14 23
14 23 12 22 11 20 10 19
10 19 9 20 9 20 8 20
8 20 8 20 8 20 8 20
23 13 22 12 22 11 21 10
21 10 20 11 20 11 19 12
19 12 20 12 21 13 22 14
22 14 20 16 18 18 16 20
16 20 12 16 8 12 4 8
4 8 6 6 8 4 10 2
10 2 11 3 12 4 12 5
12 5 13 4 13 4 14 3
14 3 13 2 12 2 11 1
11 1 11 0 10 0 9 1
9 1 7 3 5 5 3 7
3 7 2 8 2 9 3 9
3 9 7 13 11 17 15 21
15 21 15 22 16 22 17 21
17 21 19 19 21 17 23 15
23 15 24 14 24 13 23 13
23 13 23 13 23 13 23 13
