size: 24.000000 x 24.000000
17 19 14 19 10 19 7 19
7 19 7 14 7 10 7 5
7 5 10 5 14 5 17 5
17 5 17 10 17 14 17 19
17 19 17 19 17 19 17 19
17 1 14 1 10 1 7 1
7 1 6 1 5 2 5 3
5 3 5 9 5 15 5 21
5 21 5 22 6 23 7 23
7 23 10 23 14 23 17 23
17 23 18 23 19 22 19 21
19 21 19 15 19 9 19 3
19 3 19 2 18 1 17 1
17 1 17 1 17 1 17 1
11 10 11 9 11 9 12 9
12 9 13 9 13 9 13 10
13 10 13 10 13 11 13 11
13 11 12 11 12 11 11 11
11 11 11 11 11 10 11 10
11 10 11 10 11 10 11 10
10 16 11 16 13 16 14 16
14 16 15 16 15 16 15 15
15 15 15 14 15 13 15 12
15 12 15 11 15 11 14 11
14 11 14 11 14 10 14 10
14 10 14 9 13 8 12 8
12 8 11 8 10 9 10 10
10 10 10 10 10 11 10 11
10 11 9 11 9 11 9 12
9 12 9 13 9 14 9 15
9 15 9 16 9 16 10 16
10 16 10 16 10 16 10 16
