size: 24.000000 x 24.000000
18 8 17 8 17 8 16 8
16 8 16 7 16 5 16 4
16 4 17 4 17 4 18 4
18 4 18 5 18 7 18 8
18 8 18 8 18 8 18 8
15 8 14 8 14 8 13 8
13 8 13 7 13 5 13 4
13 4 14 4 14 4 15 4
15 4 15 5 15 7 15 8
15 8 15 8 15 8 15 8
12 8 11 8 11 8 10 8
10 8 10 7 10 5 10 4
10 4 11 4 11 4 12 4
12 4 12 5 12 7 12 8
12 8 12 8 12 8 12 8
18 2 15 2 13 2 10 2
10 2 8 4 6 6 4 8
4 8 4 12 4 16 4 20
4 20 4 21 5 22 6 22
6 22 10 22 14 22 18 22
18 22 19 22 20 21 20 20
20 20 20 15 20 9 20 4
20 4 20 3 19 2 18 2
18 2 18 2 18 2 18 2
