size: 24.000000 x 24.000000
12 19 8 19 5 16 5 12
5 12 5 8 8 5 12 5
12 5 16 5 19 8 19 12
19 12 19 16 16 19 12 19
12 19 12 19 12 19 12 19
21 11 20 7 17 4 13 3
13 3 13 2 13 2 13 1
13 1 12 1 12 1 11 1
11 1 11 2 11 2 11 3
11 3 7 4 4 7 3 11
3 11 2 11 2 11 1 11
1 11 1 12 1 12 1 13
1 13 2 13 2 13 3 13
3 13 4 17 7 20 11 21
11 21 11 22 11 22 11 23
11 23 12 23 12 23 13 23
13 23 13 22 13 22 13 21
13 21 17 20 20 17 21 13
21 13 22 13 22 13 23 13
23 13 23 12 23 12 23 11
23 11 22 11 22 11 21 11
21 11 21 11 21 11 21 11
