size: 24.000000 x 24.000000
15 17 16 17 16 17 17 17
17 17 17 16 17 16 17 15
17 15 16 15 16 15 15 15
15 15 15 16 15 16 15 17
15 17 15 17 15 17 15 17
15 5 16 5 16 5 17 5
17 5 17 4 17 4 17 3
17 3 16 3 16 3 15 3
15 3 15 4 15 4 15 5
15 5 15 5 15 5 15 5
5 7 4 7 4 7 3 7
3 7 3 8 3 8 3 9
3 9 3 9 3 9 3 9
3 9 3 12 3 16 3 19
3 19 3 20 4 21 5 21
5 21 9 21 13 21 17 21
17 21 17 20 17 20 17 19
17 19 13 19 9 19 5 19
5 19 5 15 5 11 5 7
5 7 5 7 5 7 5 7
19 17 20 17 21 16 21 15
21 15 20 15 20 15 19 15
19 15 19 16 19 16 19 17
19 17 19 17 19 17 19 17
19 9 20 9 20 9 21 9
21 9 21 8 21 8 21 7
21 7 20 7 20 7 19 7
19 7 19 8 19 8 19 9
19 9 19 9 19 9 19 9
19 13 20 13 20 13 21 13
21 13 21 12 21 12 21 11
21 11 20 11 20 11 19 11
19 11 19 12 19 12 19 13
19 13 19 13 19 13 19 13
9 17 9 16 9 16 9 15
9 15 8 15 8 15 7 15
7 15 7 16 8 17 9 17
9 17 9 17 9 17 9 17
13 3 12 3 12 3 11 3
11 3 11 4 11 4 11 5
11 5 12 5 12 5 13 5
13 5 13 4 13 4 13 3
13 3 13 3 13 3 13 3
19 3 19 4 19 4 19 5
19 5 20 5 20 5 21 5
21 5 21 4 20 3 19 3
19 3 19 3 19 3 19 3
13 15 12 15 12 15 11 15
11 15 11 16 11 16 11 17
11 17 12 17 12 17 13 17
13 17 13 16 13 16 13 15
13 15 13 15 13 15 13 15
9 3 8 3 7 4 7 5
7 5 8 5 8 5 9 5
9 5 9 4 9 4 9 3
9 3 9 3 9 3 9 3
9 11 8 11 8 11 7 11
7 11 7 12 7 12 7 13
7 13 8 13 8 13 9 13
9 13 9 12 9 12 9 11
9 11 9 11 9 11 9 11
9 7 8 7 8 7 7 7
7 7 7 8 7 8 7 9
7 9 8 9 8 9 9 9
9 9 9 8 9 8 9 7
9 7 9 7 9 7 9 7
