size: 24.000000 x 24.000000
4 11 5 11 5 11 6 11
6 11 6 12 6 12 6 13
6 13 5 13 5 13 4 13
4 13 4 12 4 12 4 11
4 11 4 11 4 11 4 11
2 14 9 14 15 14 22 14
22 14 22 13 22 11 22 10
22 10 15 10 9 10 2 10
2 10 2 11 2 13 2 14
2 14 2 14 2 14 2 14
6 8 5 8 5 8 4 8
4 8 4 7 4 7 4 6
4 6 5 6 5 6 6 6
6 6 6 7 6 7 6 8
6 8 6 8 6 8 6 8
2 5 2 6 2 8 2 9
2 9 9 9 15 9 22 9
22 9 22 8 22 6 22 5
22 5 15 5 9 5 2 5
2 5 2 5 2 5 2 5
4 16 5 16 5 16 6 16
6 16 6 17 6 17 6 18
6 18 5 18 5 18 4 18
4 18 4 17 4 17 4 16
4 16 4 16 4 16 4 16
2 19 9 19 15 19 22 19
22 19 22 18 22 16 22 15
22 15 15 15 9 15 2 15
2 15 2 16 2 18 2 19
2 19 2 19 2 19 2 19
