size: 24.000000 x 24.000000
12 20 8 20 5 17 5 13
5 13 5 9 8 6 12 6
12 6 16 6 19 9 19 13
19 13 19 17 16 20 12 20
12 20 12 20 12 20 12 20
12 4 7 4 3 8 3 13
3 13 3 18 7 22 12 22
12 22 17 22 21 18 21 13
21 13 21 8 17 4 12 4
12 4 12 4 12 4 12 4
12 8 12 8 12 8 11 8
11 8 11 10 11 12 11 14
11 14 13 15 14 16 16 17
16 17 16 16 16 16 16 16
16 16 15 15 14 14 12 13
12 13 12 12 12 10 12 8
12 8 12 8 12 8 12 8
8 3 7 3 7 2 7 2
7 2 5 3 4 4 2 6
2 6 2 6 3 7 3 7
3 7 5 6 6 5 8 3
8 3 8 3 8 3 8 3
22 6 20 4 19 3 17 2
17 2 17 2 17 3 16 3
16 3 18 5 19 6 21 7
21 7 21 7 22 6 22 6
22 6 22 6 22 6 22 6
