size: 24.000000 x 24.000000
12 20 8 20 5 17 5 13
5 13 5 9 8 6 12 6
12 6 16 6 19 9 19 13
19 13 19 17 16 20 12 20
12 20 12 20 12 20 12 20
19 7 20 7 20 6 20 6
20 6 20 6 20 5 19 5
19 5 19 5 18 6 18 6
18 6 16 5 14 4 12 4
12 4 7 4 3 8 3 13
3 13 3 18 7 22 12 22
12 22 17 22 21 18 21 13
21 13 21 11 20 9 19 7
19 7 19 7 19 7 19 7
11 14 12 14 12 14 13 14
13 14 13 12 13 10 13 8
13 8 12 8 12 8 11 8
11 8 11 10 11 12 11 14
11 14 11 14 11 14 11 14
15 1 13 1 11 1 9 1
9 1 9 2 9 2 9 3
9 3 11 3 13 3 15 3
15 3 15 2 15 2 15 1
15 1 15 1 15 1 15 1
