size: 24.000000 x 24.000000
17 12 17 12 17 12 17 13
17 13 18 13 18 14 19 14
19 14 19 14 19 14 19 14
19 14 18 15 18 16 17 17
17 17 17 17 17 17 17 17
17 17 16 17 16 16 15 16
15 16 15 16 15 17 14 17
14 17 14 18 14 18 14 19
14 19 14 19 14 19 14 19
14 19 13 19 12 19 11 19
11 19 11 19 10 19 10 19
10 19 10 18 10 18 10 17
10 17 10 17 9 16 9 16
9 16 8 16 8 17 7 17
7 17 7 17 7 17 7 17
7 17 6 16 6 15 5 14
5 14 5 14 5 14 5 14
5 14 6 14 6 13 7 13
7 13 7 12 7 12 7 12
7 12 7 12 7 12 7 11
7 11 6 11 6 10 5 10
5 10 5 10 5 10 5 10
5 10 6 9 6 8 7 7
7 7 7 7 7 7 7 7
7 7 8 7 8 8 9 8
9 8 9 8 10 7 10 7
10 7 10 6 10 6 10 5
10 5 10 5 10 5 11 5
11 5 12 5 12 5 13 5
13 5 14 5 14 5 14 5
14 5 14 6 14 6 14 7
14 7 14 7 15 8 15 8
15 8 16 8 16 7 17 7
17 7 17 7 17 7 17 7
17 7 18 8 18 9 19 10
19 10 19 10 19 10 19 10
19 10 18 10 18 11 17 11
17 11 17 12 17 12 17 12
17 12 17 12 17 12 17 12
19 3 14 3 10 3 5 3
5 3 4 3 3 4 3 5
3 5 3 10 3 14 3 19
3 19 3 20 4 21 5 21
5 21 10 21 14 21 19 21
19 21 20 21 21 20 21 19
21 19 21 14 21 10 21 5
21 5 21 4 20 3 19 3
19 3 19 3 19 3 19 3
12 10 11 10 10 11 10 12
10 12 10 13 11 14 12 14
12 14 13 14 14 13 14 12
14 12 14 11 13 10 12 10
12 10 12 10 12 10 12 10
