size: 24.000000 x 24.000000
12 16 10 16 8 14 8 12
8 12 8 10 10 8 12 8
12 8 14 8 16 10 16 12
16 12 16 14 14 16 12 16
12 16 12 16 12 16 12 16
19 13 19 13 20 12 20 12
20 12 20 12 20 11 19 11
19 11 20 10 21 10 22 9
22 9 22 9 22 9 22 9
22 9 21 8 20 6 20 5
20 5 20 5 19 5 19 5
19 5 18 5 17 6 16 6
16 6 16 6 15 5 15 5
15 5 15 4 15 3 14 2
14 2 14 2 14 2 14 2
14 2 13 2 11 2 10 2
10 2 10 2 10 2 10 2
10 2 9 3 9 4 9 5
9 5 8 5 8 6 7 6
7 6 7 6 6 5 5 5
5 5 5 5 4 5 4 5
4 5 4 6 3 8 2 9
2 9 2 9 2 9 2 9
2 9 3 10 4 10 5 11
5 11 5 11 4 12 4 12
4 12 4 12 4 13 5 13
5 13 4 14 3 14 2 15
2 15 2 15 2 15 2 15
2 15 3 16 4 18 4 19
4 19 4 19 5 19 5 19
5 19 6 19 7 18 8 18
8 18 8 18 9 19 9 19
9 19 9 20 9 21 10 22
10 22 10 22 10 22 10 22
10 22 11 22 13 22 14 22
14 22 14 22 15 22 15 22
15 22 15 21 15 20 15 19
15 19 16 19 16 18 17 18
17 18 18 18 18 19 19 19
19 19 19 19 20 19 20 19
20 19 20 18 21 16 22 15
22 15 22 15 22 15 22 15
22 15 21 14 20 14 19 13
19 13 19 13 19 13 19 13
