size: 24.000000 x 24.000000
4 18 4 19 4 20 5 20
5 20 6 19 6 19 7 18
7 18 6 18 6 17 5 17
5 17 5 17 4 18 4 18
4 18 4 18 4 18 4 18
11 22 11 22 13 22 13 22
13 22 13 21 13 20 13 20
13 20 12 20 12 20 11 20
11 20 11 20 11 21 11 22
11 22 11 22 11 22 11 22
12 6 9 6 6 8 6 12
6 12 6 15 9 18 12 18
12 18 15 18 18 15 18 12
18 12 18 8 15 6 12 6
12 6 12 6 12 6 12 6
20 10 20 11 20 12 20 12
20 12 21 12 22 12 23 12
23 12 23 12 23 11 23 10
23 10 22 10 21 10 20 10
20 10 20 10 20 10 20 10
17 18 18 19 18 19 19 20
19 20 19 20 20 19 20 19
20 19 20 18 19 17 19 17
19 17 18 17 18 18 17 18
17 18 17 18 17 18 17 18
20 4 20 4 20 4 19 3
19 3 18 4 18 4 17 5
17 5 18 5 18 6 19 6
19 6 19 6 20 5 20 4
20 4 20 4 20 4 20 4
13 1 12 1 12 1 11 1
11 1 11 2 11 3 11 4
11 4 12 4 12 4 13 4
13 4 13 3 13 2 13 1
13 1 13 1 13 1 13 1
4 10 3 10 2 10 1 10
1 10 1 11 1 12 1 12
1 12 2 12 3 12 4 12
4 12 4 12 4 11 4 10
4 10 4 10 4 10 4 10
7 5 6 4 6 4 5 3
5 3 4 4 4 4 4 4
4 4 4 5 5 6 5 6
5 6 6 6 6 5 7 5
7 5 7 5 7 5 7 5
