size: 24.000000 x 24.000000
5 20 6 19 6 19 7 18
7 18 6 18 6 17 5 17
5 17 5 17 4 18 4 19
4 19 4 19 5 20 5 20
5 20 5 20 5 20 5 20
4 4 4 5 5 6 5 6
5 6 6 6 6 5 7 5
7 5 6 4 6 4 5 3
5 3 4 4 4 4 4 4
4 4 4 4 4 4 4 4
20 18 20 18 19 17 19 17
19 17 18 17 18 18 17 18
17 18 18 19 18 19 19 20
19 20 20 20 20 19 20 18
20 18 20 18 20 18 20 18
13 22 13 21 13 20 13 20
13 20 12 20 12 20 11 20
11 20 11 20 11 21 11 22
11 22 11 22 13 22 13 22
13 22 13 22 13 22 13 22
19 3 18 4 18 4 17 5
17 5 18 5 18 6 19 6
19 6 19 6 20 5 20 4
20 4 20 4 19 3 19 3
19 3 19 3 19 3 19 3
11 1 11 2 11 3 11 4
11 4 12 4 12 4 13 4
13 4 13 3 13 2 13 1
13 1 12 1 12 1 11 1
11 1 11 1 11 1 11 1
5 14 10 14 14 14 19 14
19 14 19 12 19 10 19 8
19 8 14 8 10 8 5 8
5 8 5 10 5 12 5 14
5 14 5 14 5 14 5 14
