size: 24.000000 x 24.000000
17 18 16 18 15 19 15 20
15 20 15 21 16 22 17 22
17 22 18 22 19 21 19 20
19 20 19 19 18 18 17 18
17 18 17 18 17 18 17 18
1 2 1 3 1 3 1 4
1 4 2 4 2 4 3 4
3 4 4 7 5 9 7 12
7 12 6 12 6 13 5 14
5 14 5 14 5 15 5 15
5 15 5 16 6 17 7 17
7 17 11 17 15 17 19 17
19 17 19 16 19 16 19 15
19 15 15 15 11 15 7 15
7 15 7 15 7 15 7 15
7 15 7 15 7 15 7 15
7 15 8 14 8 14 8 13
8 13 11 13 13 13 16 13
16 13 16 13 17 13 17 12
17 12 18 10 20 8 21 6
21 6 21 5 21 5 21 5
21 5 21 4 21 4 20 4
20 4 15 4 10 4 5 4
5 4 5 3 5 3 4 2
4 2 3 2 2 2 1 2
1 2 1 2 1 2 1 2
7 18 6 18 5 19 5 20
5 20 5 21 6 22 7 22
7 22 8 22 9 21 9 20
9 20 9 19 8 18 7 18
7 18 7 18 7 18 7 18
