size: 24.000000 x 24.000000
12 17 11 17 10 16 10 15
10 15 10 14 11 13 12 13
12 13 13 13 14 14 14 15
14 15 14 16 13 17 12 17
12 17 12 17 12 17 12 17
9 9 10 8 11 6 12 5
12 5 13 6 14 8 15 9
15 9 13 9 11 9 9 9
9 9 9 9 9 9 9 9
17 9 16 7 14 5 13 2
13 2 13 2 12 2 12 2
12 2 12 2 11 2 11 2
11 2 10 5 8 7 7 9
7 9 5 9 4 9 2 9
2 9 1 9 1 9 1 10
1 10 1 10 1 10 1 10
1 10 2 13 3 16 4 20
4 20 4 20 4 21 5 21
5 21 10 21 14 21 18 21
18 21 19 21 20 20 20 20
20 20 21 16 22 13 23 10
23 10 23 10 23 10 23 10
23 10 23 9 22 9 22 9
22 9 20 9 19 9 17 9
17 9 17 9 17 9 17 9
