size: 24.000000 x 24.000000
16 20 17 20 19 20 20 20
20 20 20 19 20 17 20 16
20 16 19 16 17 16 16 16
16 16 16 17 16 19 16 20
16 20 16 20 16 20 16 20
16 14 17 14 19 14 20 14
20 14 20 13 20 11 20 10
20 10 19 10 17 10 16 10
16 10 16 11 16 13 16 14
16 14 16 14 16 14 16 14
10 8 11 8 13 8 14 8
14 8 14 7 14 5 14 4
14 4 13 4 11 4 10 4
10 4 10 5 10 7 10 8
10 8 10 8 10 8 10 8
16 4 16 5 16 7 16 8
16 8 17 8 19 8 20 8
20 8 20 7 20 5 20 4
20 4 19 4 17 4 16 4
16 4 16 4 16 4 16 4
10 14 11 14 13 14 14 14
14 14 14 13 14 11 14 10
14 10 13 10 11 10 10 10
10 10 10 11 10 13 10 14
10 14 10 14 10 14 10 14
4 14 5 14 7 14 8 14
8 14 8 13 8 11 8 10
8 10 7 10 5 10 4 10
4 10 4 11 4 13 4 14
4 14 4 14 4 14 4 14
4 20 5 20 7 20 8 20
8 20 8 19 8 17 8 16
8 16 7 16 5 16 4 16
4 16 4 17 4 19 4 20
4 20 4 20 4 20 4 20
10 20 11 20 13 20 14 20
14 20 14 19 14 17 14 16
14 16 13 16 11 16 10 16
10 16 10 17 10 19 10 20
10 20 10 20 10 20 10 20
4 8 5 8 7 8 8 8
8 8 8 7 8 5 8 4
8 4 7 4 5 4 4 4
4 4 4 5 4 7 4 8
4 8 4 8 4 8 4 8
