size: 24.000000 x 24.000000
16 16 13 16 11 16 8 16
8 16 8 12 8 8 8 4
8 4 11 4 13 4 16 4
16 4 16 8 16 12 16 16
16 16 16 16 16 16 16 16
16 0 13 0 11 0 8 0
8 0 7 0 6 1 6 2
6 2 6 7 6 13 6 18
6 18 6 19 7 20 8 20
8 20 11 20 13 20 16 20
16 20 17 20 18 19 18 18
18 18 18 13 18 7 18 2
18 2 18 1 17 0 16 0
16 0 16 0 16 0 16 0
15 24 16 24 16 24 17 24
17 24 17 23 17 23 17 22
17 22 16 22 16 22 15 22
15 22 15 23 15 23 15 24
15 24 15 24 15 24 15 24
11 24 12 24 12 24 13 24
13 24 13 23 13 23 13 22
13 22 12 22 12 22 11 22
11 22 11 23 11 23 11 24
11 24 11 24 11 24 11 24
7 24 8 24 8 24 9 24
9 24 9 23 9 23 9 22
9 22 8 22 8 22 7 22
7 22 7 23 7 23 7 24
7 24 7 24 7 24 7 24
