size: 24.000000 x 24.000000
17 11 16 11 16 11 15 11
15 11 15 10 15 10 15 9
15 9 16 9 16 9 17 9
17 9 17 10 17 10 17 11
17 11 17 11 17 11 17 11
13 11 12 11 12 11 11 11
11 11 11 10 11 10 11 9
11 9 12 9 12 9 13 9
13 9 13 10 13 10 13 11
13 11 13 11 13 11 13 11
9 11 8 11 8 11 7 11
7 11 7 10 7 10 7 9
7 9 8 9 8 9 9 9
9 9 9 10 9 10 9 11
9 11 9 11 9 11 9 11
20 2 15 2 9 2 4 2
4 2 3 2 2 3 2 4
2 4 2 10 2 16 2 22
2 22 3 21 5 19 6 18
6 18 11 18 15 18 20 18
20 18 21 18 22 17 22 16
22 16 22 12 22 8 22 4
22 4 22 3 21 2 20 2
20 2 20 2 20 2 20 2
