size: 24.000000 x 24.000000
20 18 15 18 9 18 4 18
4 18 4 14 4 10 4 6
4 6 9 6 15 6 20 6
20 6 20 10 20 14 20 18
20 18 20 18 20 18 20 18
20 4 15 4 9 4 4 4
4 4 3 4 2 5 2 6
2 6 2 10 2 14 2 18
2 18 2 19 3 20 4 20
4 20 9 20 15 20 20 20
20 20 21 20 22 19 22 18
22 18 22 14 22 10 22 6
22 6 22 5 21 4 20 4
20 4 20 4 20 4 20 4
12 10 11 10 11 10 10 10
10 10 10 11 10 11 10 12
10 12 11 12 11 12 12 12
12 12 12 11 12 11 12 10
12 10 12 10 12 10 12 10
8 10 7 10 7 10 6 10
6 10 6 11 6 11 6 12
6 12 7 12 7 12 8 12
8 12 8 11 8 11 8 10
8 10 8 10 8 10 8 10
16 14 15 14 15 14 14 14
14 14 14 15 14 15 14 16
14 16 15 16 15 16 16 16
16 16 16 15 16 15 16 14
16 14 16 14 16 14 16 14
16 10 15 10 15 10 14 10
14 10 14 11 14 11 14 12
14 12 15 12 15 12 16 12
16 12 16 11 16 11 16 10
16 10 16 10 16 10 16 10
