size: 24.000000 x 24.000000
17 13 16 13 14 13 13 13
13 13 13 14 13 16 13 17
13 17 12 17 12 17 11 17
11 17 11 16 11 14 11 13
11 13 10 13 8 13 7 13
7 13 7 12 7 12 7 11
7 11 8 11 10 11 11 11
11 11 11 10 11 8 11 7
11 7 12 7 12 7 13 7
13 7 13 8 13 10 13 11
13 11 14 11 16 11 17 11
17 11 17 12 17 12 17 13
17 13 17 13 17 13 17 13
19 3 14 3 10 3 5 3
5 3 4 3 3 4 3 5
3 5 3 10 3 14 3 19
3 19 3 20 4 21 5 21
5 21 10 21 14 21 19 21
19 21 20 21 21 20 21 19
21 19 21 14 21 10 21 5
21 5 21 4 20 3 19 3
19 3 19 3 19 3 19 3
