size: 24.000000 x 24.000000
14 5 14 6 14 6 14 7
14 7 15 7 16 7 17 7
17 7 17 8 17 9 17 10
17 10 18 10 18 10 19 10
19 10 19 8 19 7 19 5
19 5 17 5 16 5 14 5
14 5 14 5 14 5 14 5
17 17 16 17 15 17 14 17
14 17 14 18 14 18 14 19
14 19 16 19 17 19 19 19
19 19 19 17 19 16 19 14
19 14 18 14 18 14 17 14
17 14 17 15 17 16 17 17
17 17 17 17 17 17 17 17
5 10 6 10 6 10 7 10
7 10 7 9 7 8 7 7
7 7 8 7 9 7 10 7
10 7 10 6 10 6 10 5
10 5 8 5 7 5 5 5
5 5 5 7 5 8 5 10
5 10 5 10 5 10 5 10
7 14 6 14 6 14 5 14
5 14 5 16 5 17 5 19
5 19 7 19 8 19 10 19
10 19 10 18 10 18 10 17
10 17 9 17 8 17 7 17
7 17 7 16 7 15 7 14
7 14 7 14 7 14 7 14
