size: 24.000000 x 24.000000
9 11 9 13 10 14 12 14
12 14 14 14 15 13 15 11
15 11 15 11 14 11 14 11
14 11 14 10 15 9 16 8
16 8 17 9 18 10 18 11
18 11 18 11 18 11 17 11
17 11 17 14 15 16 12 16
12 16 9 16 7 14 7 11
7 11 8 11 8 11 9 11
9 11 9 11 9 11 9 11
20 4 19 4 18 4 17 4
17 4 16 3 16 3 15 2
15 2 13 2 11 2 9 2
9 2 8 3 8 3 7 4
7 4 6 4 5 4 4 4
4 4 3 4 2 5 2 6
2 6 2 10 2 14 2 18
2 18 2 19 3 20 4 20
4 20 9 20 15 20 20 20
20 20 21 20 22 19 22 18
22 18 22 14 22 10 22 6
22 6 22 5 21 4 20 4
20 4 20 4 20 4 20 4
