size: 24.000000 x 24.000000
7 11 7 12 8 14 10 14
10 14 11 14 12 12 12 11
12 11 12 11 11 11 10 11
10 11 11 10 12 9 13 8
13 8 14 9 15 10 16 11
16 11 15 11 14 11 14 11
14 11 14 14 12 16 10 16
10 16 7 16 5 14 5 11
5 11 6 11 6 11 7 11
7 11 7 11 7 11 7 11
18 10 18 8 18 7 18 6
18 6 18 5 18 5 17 5
17 5 12 5 8 5 3 5
3 5 2 5 2 5 2 6
2 6 2 10 2 14 2 18
2 18 2 19 2 19 3 19
3 19 8 19 12 19 17 19
17 19 18 19 18 19 18 18
18 18 18 17 18 16 18 14
18 14 19 16 21 17 22 18
22 18 22 14 22 10 22 6
22 6 21 7 19 8 18 10
18 10 18 10 18 10 18 10
