size: 24.000000 x 24.000000
15 18 12 18 9 15 9 12
9 12 9 9 12 6 15 6
15 6 18 6 21 9 21 12
21 12 21 15 18 18 15 18
15 18 15 18 15 18 15 18
4 13 3 13 3 13 3 12
3 12 3 11 3 11 4 11
4 11 5 11 5 11 5 12
5 12 5 13 5 13 4 13
4 13 4 13 4 13 4 13
22 3 17 3 12 3 8 3
8 3 7 3 6 3 6 4
6 4 4 7 2 9 0 12
0 12 2 15 4 17 6 20
6 20 6 21 7 21 8 21
8 21 12 21 17 21 22 21
22 21 23 21 24 20 24 19
24 19 24 14 24 10 24 5
24 5 24 4 23 3 22 3
22 3 22 3 22 3 22 3
13 11 14 11 14 11 14 10
14 10 14 9 14 9 13 9
13 9 12 9 12 9 12 10
12 10 12 11 12 11 13 11
13 11 13 11 13 11 13 11
15 16 17 16 18 15 19 13
19 13 16 13 14 13 11 13
11 13 12 15 13 16 15 16
15 16 15 16 15 16 15 16
17 11 18 11 18 11 18 10
18 10 18 9 18 9 17 9
17 9 16 9 16 9 16 10
16 10 16 11 16 11 17 11
17 11 17 11 17 11 17 11
