size: 24.000000 x 24.000000
12 1 11 1 10 2 10 3
10 3 10 4 11 5 12 5
12 5 13 5 14 4 14 3
14 3 14 2 13 1 12 1
12 1 12 1 12 1 12 1
12 7 11 7 10 8 10 9
10 9 10 10 11 11 12 11
12 11 13 11 14 10 14 9
14 9 14 8 13 7 12 7
12 7 12 7 12 7 12 7
18 7 17 7 16 8 16 9
16 9 16 10 17 11 18 11
18 11 19 11 20 10 20 9
20 9 20 8 19 7 18 7
18 7 18 7 18 7 18 7
18 13 17 13 16 14 16 15
16 15 16 16 17 17 18 17
18 17 19 17 20 16 20 15
20 15 20 14 19 13 18 13
18 13 18 13 18 13 18 13
12 13 11 13 10 14 10 15
10 15 10 16 11 17 12 17
12 17 13 17 14 16 14 15
14 15 14 14 13 13 12 13
12 13 12 13 12 13 12 13
18 5 19 5 20 4 20 3
20 3 20 2 19 1 18 1
18 1 17 1 16 2 16 3
16 3 16 4 17 5 18 5
18 5 18 5 18 5 18 5
6 13 5 13 4 14 4 15
4 15 4 16 5 17 6 17
6 17 7 17 8 16 8 15
8 15 8 14 7 13 6 13
6 13 6 13 6 13 6 13
6 7 5 7 4 8 4 9
4 9 4 10 5 11 6 11
6 11 7 11 8 10 8 9
8 9 8 8 7 7 6 7
6 7 6 7 6 7 6 7
6 1 5 1 4 2 4 3
4 3 4 4 5 5 6 5
6 5 7 5 8 4 8 3
8 3 8 2 7 1 6 1
6 1 6 1 6 1 6 1
12 19 11 19 10 20 10 21
10 21 10 22 11 23 12 23
12 23 13 23 14 22 14 21
14 21 14 20 13 19 12 19
12 19 12 19 12 19 12 19
