size: 24.000000 x 24.000000
23 10 23 9 22 8 21 8
21 8 19 8 17 8 15 8
15 8 15 6 15 5 16 3
16 3 16 3 16 3 16 3
16 3 16 3 16 2 15 2
15 2 15 2 15 1 14 1
14 1 12 3 10 5 8 8
8 8 7 8 7 8 7 9
7 9 7 12 7 16 7 19
7 19 7 20 8 21 9 21
9 21 12 21 15 21 18 21
18 21 19 21 20 20 20 20
20 20 21 17 22 15 23 13
23 13 23 12 23 12 23 12
23 12 23 11 23 11 23 10
23 10 23 10 23 10 23 10
23 10 23 10 23 10 23 10
23 10 23 10 23 10 23 10
1 21 2 21 4 21 5 21
5 21 5 17 5 13 5 9
5 9 4 9 2 9 1 9
1 9 1 13 1 17 1 21
1 21 1 21 1 21 1 21
