size: 24.000000 x 24.000000
12 9 11 9 10 8 10 7
10 7 10 6 11 5 12 5
12 5 13 5 14 6 14 7
14 7 14 8 13 9 12 9
12 9 12 9 12 9 12 9
12 14 11 14 10 13 10 12
10 12 10 11 11 10 12 10
12 10 13 10 14 11 14 12
14 12 14 13 13 14 12 14
12 14 12 14 12 14 12 14
12 19 11 19 10 18 10 17
10 17 10 16 11 15 12 15
12 15 13 15 14 16 14 17
14 17 14 18 13 19 12 19
12 19 12 19 12 19 12 19
20 10 19 10 18 10 17 10
17 10 17 10 17 9 17 9
17 9 19 8 20 7 20 5
20 5 19 5 18 5 17 5
17 5 17 5 17 4 17 4
17 4 17 3 17 3 16 3
16 3 13 3 11 3 8 3
8 3 7 3 7 3 7 4
7 4 7 4 7 5 7 5
7 5 6 5 5 5 4 5
4 5 4 7 5 8 7 9
7 9 7 9 7 10 7 10
7 10 6 10 5 10 4 10
4 10 4 12 5 13 7 14
7 14 7 14 7 15 7 15
7 15 6 15 5 15 4 15
4 15 4 17 5 18 7 19
7 19 7 19 7 20 7 20
7 20 7 21 7 21 8 21
8 21 11 21 13 21 16 21
16 21 17 21 17 21 17 20
17 20 17 20 17 19 17 19
17 19 19 18 20 17 20 15
20 15 19 15 18 15 17 15
17 15 17 15 17 14 17 14
17 14 19 13 20 12 20 10
20 10 20 10 20 10 20 10
