size: 24.000000 x 24.000000
16 11 15 11 14 11 13 11
13 11 13 11 13 15 13 15
13 15 13 16 13 16 14 16
14 16 15 16 16 16 16 16
16 16 16 17 16 18 16 19
16 19 16 19 15 19 14 19
14 19 11 19 10 18 10 16
10 16 10 15 10 11 10 11
10 11 9 11 9 11 8 11
8 11 8 10 8 9 8 8
8 8 10 8 11 6 11 5
11 5 12 5 12 5 13 5
13 5 13 6 13 7 13 8
13 8 14 8 15 8 16 8
16 8 16 9 16 10 16 11
16 11 16 11 16 11 16 11
20 2 15 2 9 2 4 2
4 2 3 2 2 3 2 4
2 4 2 9 2 15 2 20
2 20 2 21 3 22 4 22
4 22 9 22 15 22 20 22
20 22 21 22 22 21 22 20
22 20 22 15 22 9 22 4
22 4 22 3 21 2 20 2
20 2 20 2 20 2 20 2
