size: 24.000000 x 24.000000
12 9 13 10 14 11 15 12
15 12 15 12 15 12 15 12
15 12 15 10 14 9 12 9
12 9 12 9 12 9 12 9
12 9 12 9 12 9 12 9
8 10 8 10 8 11 9 11
9 11 9 12 9 12 9 12
9 12 9 14 10 15 12 15
12 15 12 15 12 15 13 15
13 15 13 15 14 16 14 16
14 16 14 17 13 17 12 17
12 17 9 17 7 15 7 12
7 12 7 11 7 10 8 10
8 10 8 10 8 10 8 10
2 4 3 5 4 6 4 7
4 7 4 7 5 7 5 7
5 7 3 8 2 10 1 12
1 12 3 16 7 20 12 20
12 20 14 20 15 19 16 19
16 19 17 19 17 19 17 19
17 19 18 20 19 21 20 22
20 22 20 22 21 21 21 21
21 21 15 15 9 9 3 3
3 3 3 3 2 4 2 4
2 4 2 4 2 4 2 4
12 7 15 7 17 9 17 12
17 12 17 13 17 13 17 14
17 14 18 15 19 16 20 17
20 17 21 15 22 14 23 12
23 12 21 8 17 5 12 5
12 5 10 5 9 5 8 5
8 5 9 6 9 7 10 7
10 7 11 7 11 7 12 7
12 7 12 7 12 7 12 7
