size: 24.000000 x 24.000000
12 22 12 22 12 22 12 22
12 22 13 22 13 21 13 21
13 21 13 21 13 20 13 20
13 20 12 20 11 20 9 20
9 20 10 21 10 22 12 22
12 22 12 22 12 22 12 22
18 10 18 7 16 5 13 4
13 4 13 4 13 4 13 4
13 4 13 3 12 2 12 2
12 2 11 2 10 3 10 4
10 4 10 4 10 4 10 4
10 4 7 5 5 7 5 10
5 10 5 12 5 14 5 16
5 16 4 17 4 17 3 18
3 18 3 18 3 19 3 19
3 19 9 19 14 19 20 19
20 19 20 19 20 18 20 18
20 18 19 17 19 17 18 16
18 16 18 14 18 12 18 10
18 10 18 10 18 10 18 10
20 10 21 10 21 10 22 10
22 10 22 7 20 4 18 2
18 2 17 3 17 3 16 4
16 4 18 5 20 7 20 10
20 10 20 10 20 10 20 10
7 4 6 3 6 3 5 2
5 2 3 4 1 7 1 10
1 10 2 10 2 10 3 10
3 10 3 7 4 5 7 4
7 4 7 4 7 4 7 4
