size: 24.000000 x 24.000000
20 4 18 4 16 4 14 4
14 4 14 6 14 8 14 10
14 10 15 9 15 9 16 8
16 8 17 9 18 10 18 12
18 12 18 13 18 14 17 15
17 15 18 15 18 16 19 16
19 16 20 15 20 14 20 12
20 12 20 10 19 8 18 6
18 6 18 6 19 5 20 4
20 4 20 4 20 4 20 4
3 5 4 6 4 7 5 8
5 8 4 9 4 10 4 12
4 12 4 14 5 16 6 18
6 18 6 18 5 19 4 20
4 20 6 20 8 20 10 20
10 20 10 18 10 16 10 14
10 14 9 15 9 15 8 16
8 16 7 15 6 14 6 12
6 12 6 11 6 10 7 9
7 9 9 12 12 15 15 17
15 17 15 17 14 18 14 18
14 18 14 18 14 19 14 20
14 20 15 19 16 19 16 19
16 19 17 19 18 20 19 21
19 21 19 21 19 20 20 20
20 20 15 15 9 9 4 4
4 4 4 5 3 5 3 5
3 5 3 5 3 5 3 5
10 6 10 6 10 5 10 4
10 4 9 4 8 5 8 5
8 5 8 6 9 6 9 7
9 7 10 7 10 6 10 6
10 6 10 6 10 6 10 6
