size: 24.000000 x 24.000000
18 19 18 20 19 20 20 21
20 21 20 21 21 20 21 20
21 20 15 14 10 9 4 3
4 3 4 3 3 4 3 4
3 4 4 5 5 6 6 7
6 7 5 8 5 9 5 10
5 10 5 12 5 14 5 16
5 16 4 17 4 17 3 18
3 18 3 18 3 19 3 19
3 19 8 19 13 19 18 19
18 19 18 19 18 19 18 19
18 10 18 7 16 5 13 4
13 4 13 4 13 4 13 4
13 4 13 3 12 2 12 2
12 2 11 2 10 3 10 4
10 4 10 4 10 4 10 4
10 4 10 4 9 4 9 5
9 5 12 8 15 11 18 14
18 14 18 13 18 12 18 10
18 10 18 10 18 10 18 10
12 22 13 22 14 21 14 20
14 20 12 20 11 20 10 20
10 20 10 21 10 22 12 22
12 22 12 22 12 22 12 22
