size: 24.000000 x 24.000000
19 12 18 12 18 12 17 12
17 12 17 13 17 13 17 14
17 14 17 14 18 15 18 15
18 15 19 14 19 13 19 12
19 12 19 12 19 12 19 12
15 12 15 12 15 12 15 12
15 12 15 10 15 8 15 6
15 6 15 4 14 3 12 3
12 3 10 3 9 4 9 6
9 6 9 6 9 6 9 6
9 6 11 8 13 10 15 12
15 12 15 12 15 12 15 12
4 4 4 4 3 5 3 5
3 5 5 7 7 9 9 11
9 11 9 12 9 12 9 12
9 12 9 14 10 15 12 15
12 15 12 15 12 15 13 15
13 15 13 15 14 16 14 17
14 17 14 17 13 17 12 17
12 17 9 17 7 15 7 12
7 12 6 12 6 12 5 12
5 12 5 15 8 18 11 19
11 19 11 20 11 21 11 22
11 22 12 22 12 22 13 22
13 22 13 21 13 20 13 19
13 19 14 19 15 18 16 18
16 18 17 19 18 21 20 22
20 22 20 22 21 21 21 21
21 21 15 15 10 10 4 4
4 4 4 4 4 4 4 4
