size: 24.000000 x 24.000000
3 5 5 7 6 9 8 10
8 10 6 12 4 13 2 14
2 14 2 15 2 15 2 16
2 16 5 15 7 14 10 14
10 14 10 15 10 17 10 19
10 19 9 20 9 20 8 20
8 20 8 21 8 22 8 22
8 22 9 22 10 21 12 21
12 21 13 21 14 22 15 22
15 22 15 22 15 21 15 20
15 20 14 20 14 20 13 19
13 19 13 18 13 17 13 15
13 15 15 17 17 19 19 21
19 21 19 21 20 20 20 20
20 20 15 14 10 9 4 4
4 4 4 4 3 5 3 5
3 5 3 5 3 5 3 5
13 9 13 7 13 5 13 4
13 4 13 3 12 2 12 2
12 2 11 2 10 3 10 4
10 4 10 5 10 6 10 7
10 7 13 10 15 12 18 15
18 15 19 15 20 16 21 16
21 16 21 15 21 15 21 14
21 14 18 12 16 11 13 9
13 9 13 9 13 9 13 9
