size: 24.000000 x 24.000000
18 9 18 14 15 17 10 17
10 17 9 17 7 17 6 16
6 16 7 16 9 16 10 15
10 15 9 15 8 14 7 13
7 13 8 13 8 13 9 13
9 13 7 13 7 12 6 10
6 10 7 11 7 11 8 11
8 11 7 10 6 8 7 7
7 7 8 8 10 10 12 10
12 10 12 7 15 6 17 7
17 7 18 7 18 7 19 7
19 7 18 8 18 8 17 8
17 8 18 8 18 8 19 8
19 8 19 8 18 9 18 9
18 9 18 9 18 9 18 9
20 2 15 2 9 2 4 2
4 2 3 2 2 3 2 4
2 4 2 9 2 15 2 20
2 20 2 21 3 22 4 22
4 22 9 22 15 22 20 22
20 22 21 22 22 21 22 20
22 20 22 15 22 9 22 4
22 4 22 3 21 2 20 2
20 2 20 2 20 2 20 2
