size: 24.000000 x 24.000000
16 13 16 13 15 13 15 13
15 13 16 14 17 15 17 16
17 16 17 17 17 18 17 19
17 19 19 19 21 19 23 19
23 19 23 18 23 17 23 16
23 16 23 14 18 13 16 13
16 13 16 13 16 13 16 13
8 13 6 13 1 14 1 16
1 16 1 17 1 18 1 19
1 19 6 19 10 19 15 19
15 19 15 18 15 17 15 16
15 16 15 14 10 13 8 13
8 13 8 13 8 13 8 13
8 11 10 11 11 10 11 8
11 8 11 6 10 5 8 5
8 5 6 5 5 6 5 8
5 8 5 10 6 11 8 11
8 11 8 11 8 11 8 11
16 11 18 11 19 10 19 8
19 8 19 6 18 5 16 5
16 5 14 5 13 6 13 8
13 8 13 10 14 11 16 11
16 11 16 11 16 11 16 11
