size: 24.000000 x 24.000000
16 5 16 7 16 9 16 11
16 11 18 11 19 11 21 11
21 11 21 9 21 7 21 5
21 5 19 5 18 5 16 5
16 5 16 5 16 5 16 5
10 11 12 11 13 11 15 11
15 11 15 9 15 7 15 5
15 5 13 5 12 5 10 5
10 5 10 7 10 9 10 11
10 11 10 11 10 11 10 11
16 18 18 18 19 18 21 18
21 18 21 16 21 14 21 12
21 12 19 12 18 12 16 12
16 12 16 14 16 16 16 18
16 18 16 18 16 18 16 18
10 18 12 18 13 18 15 18
15 18 15 16 15 14 15 12
15 12 13 12 12 12 10 12
10 12 10 14 10 16 10 18
10 18 10 18 10 18 10 18
4 18 6 18 7 18 9 18
9 18 9 16 9 14 9 12
9 12 7 12 6 12 4 12
4 12 4 14 4 16 4 18
4 18 4 18 4 18 4 18
4 11 6 11 7 11 9 11
9 11 9 9 9 7 9 5
9 5 7 5 6 5 4 5
4 5 4 7 4 9 4 11
4 11 4 11 4 11 4 11
