size: 24.000000 x 24.000000
18 20 14 20 10 20 6 20
6 20 6 17 6 13 6 10
6 10 10 10 14 10 18 10
18 10 18 13 18 17 18 20
18 20 18 20 18 20 18 20
18 8 18 8 17 8 17 8
17 8 17 7 17 7 17 6
17 6 17 3 15 1 12 1
12 1 9 1 7 3 7 6
7 6 8 6 8 6 9 6
9 6 9 4 10 3 12 3
12 3 14 3 15 4 15 6
15 6 15 7 15 7 15 8
15 8 12 8 9 8 6 8
6 8 5 8 4 9 4 10
4 10 4 13 4 17 4 20
4 20 4 21 5 22 6 22
6 22 10 22 14 22 18 22
18 22 19 22 20 21 20 20
20 20 20 17 20 13 20 10
20 10 20 9 19 8 18 8
18 8 18 8 18 8 18 8
12 17 13 17 14 16 14 15
14 15 14 14 13 13 12 13
12 13 11 13 10 14 10 15
10 15 10 16 11 17 12 17
12 17 12 17 12 17 12 17
