size: 24.000000 x 24.000000
15 7 15 8 15 10 15 11
15 11 15 11 16 11 16 11
16 11 16 12 16 12 16 13
16 13 15 13 14 13 13 13
13 13 13 10 13 8 13 5
13 5 14 5 14 5 15 5
15 5 14 4 13 2 12 1
12 1 11 2 10 4 9 5
9 5 10 5 10 5 11 5
11 5 11 8 11 10 11 13
11 13 10 13 9 13 8 13
8 13 8 12 8 12 8 11
8 11 9 11 9 10 9 9
9 9 9 8 8 7 7 7
7 7 6 7 5 8 5 9
5 9 5 10 5 11 6 11
6 11 6 12 6 12 6 13
6 13 6 14 7 15 8 15
8 15 9 15 10 15 11 15
11 15 11 16 11 17 11 18
11 18 10 18 10 19 10 20
10 20 10 21 11 22 12 22
12 22 13 22 14 21 14 20
14 20 14 19 14 18 13 18
13 18 13 17 13 16 13 15
13 15 14 15 15 15 16 15
16 15 17 15 18 14 18 13
18 13 18 12 18 12 18 11
18 11 18 11 19 11 19 11
19 11 19 10 19 8 19 7
19 7 18 7 16 7 15 7
15 7 15 7 15 7 15 7
