size: 24.000000 x 24.000000
18 16 14 16 10 16 6 16
6 16 6 16 6 15 6 15
6 15 6 13 10 12 12 12
12 12 14 12 18 13 18 15
18 15 18 15 18 16 18 16
18 16 18 16 18 16 18 16
12 5 14 5 15 6 15 8
15 8 15 10 14 11 12 11
12 11 10 11 9 10 9 8
9 8 9 6 10 5 12 5
12 5 12 5 12 5 12 5
19 2 14 2 10 2 5 2
5 2 4 2 3 3 3 4
3 4 3 9 3 13 3 18
3 18 3 19 4 20 5 20
5 20 6 20 8 20 9 20
9 20 10 21 11 22 12 23
12 23 13 22 14 21 15 20
15 20 16 20 18 20 19 20
19 20 20 20 21 19 21 18
21 18 21 13 21 9 21 4
21 4 21 3 20 2 19 2
19 2 19 2 19 2 19 2
