size: 24.000000 x 24.000000
9 5 9 6 9 8 9 9
9 9 13 9 17 9 21 9
21 9 21 8 21 6 21 5
21 5 17 5 13 5 9 5
9 5 9 5 9 5 9 5
9 19 13 19 17 19 21 19
21 19 21 18 21 16 21 15
21 15 17 15 13 15 9 15
9 15 9 16 9 18 9 19
9 19 9 19 9 19 9 19
9 14 13 14 17 14 21 14
21 14 21 13 21 11 21 10
21 10 17 10 13 10 9 10
9 10 9 11 9 13 9 14
9 14 9 14 9 14 9 14
4 9 5 9 7 9 8 9
8 9 8 8 8 6 8 5
8 5 7 5 5 5 4 5
4 5 4 6 4 8 4 9
4 9 4 9 4 9 4 9
4 19 5 19 7 19 8 19
8 19 8 18 8 16 8 15
8 15 7 15 5 15 4 15
4 15 4 16 4 18 4 19
4 19 4 19 4 19 4 19
4 14 5 14 7 14 8 14
8 14 8 13 8 11 8 10
8 10 7 10 5 10 4 10
4 10 4 11 4 13 4 14
4 14 4 14 4 14 4 14
