size: 24.000000 x 24.000000
10 21 6 20 3 17 3 13
3 13 3 12 3 12 3 11
3 11 5 13 6 14 8 16
8 16 8 16 8 17 8 17
8 17 8 18 9 19 10 19
10 19 10 20 10 20 10 21
10 21 10 21 10 21 10 21
19 12 19 12 19 13 19 13
19 13 19 15 18 17 17 18
17 18 17 18 16 17 15 17
15 17 15 17 14 17 14 17
14 17 14 16 14 15 14 14
14 14 14 13 14 13 13 13
13 13 11 13 9 13 7 13
7 13 7 12 7 12 7 11
7 11 8 11 8 11 9 11
9 11 10 11 10 11 10 10
10 10 10 9 10 9 10 8
10 8 11 8 11 8 12 8
12 8 13 8 14 7 14 6
14 6 14 5 14 4 14 4
14 4 13 3 12 3 11 3
11 3 6 3 1 8 1 13
1 13 1 18 6 23 11 23
11 23 16 23 21 18 21 13
21 13 21 13 21 12 21 12
21 12 20 12 20 12 19 12
19 12 19 12 19 12 19 12
21 4 20 4 19 4 18 4
18 4 18 4 18 4 18 4
18 4 18 3 19 2 20 2
20 2 20 2 21 3 21 4
21 4 21 4 21 4 21 4
21 4 21 4 21 4 21 4
22 4 22 4 22 4 22 4
22 4 22 2 21 1 20 1
20 1 18 1 17 2 17 4
17 4 17 4 17 4 17 4
17 4 16 4 16 4 16 5
16 5 16 6 16 8 16 9
16 9 16 10 16 10 17 10
17 10 19 10 20 10 22 10
22 10 23 10 23 10 23 9
23 9 23 8 23 6 23 5
23 5 23 4 23 4 22 4
22 4 22 4 22 4 22 4
