size: 24.000000 x 24.000000
12 4 11 5 11 5 10 6
10 6 11 7 11 8 12 8
12 8 12 7 12 5 12 4
12 4 12 4 12 4 12 4
4 3 4 3 3 4 3 4
3 4 5 6 6 7 8 9
8 9 6 9 5 9 3 9
3 9 3 9 3 15 3 15
3 15 4 15 6 15 7 15
7 15 9 17 10 18 12 20
12 20 12 18 12 16 12 13
12 13 13 15 15 16 16 18
16 18 16 18 15 18 14 19
14 19 14 20 14 20 14 21
14 21 15 21 17 20 18 19
18 19 18 20 19 20 20 21
20 21 20 21 21 20 21 20
21 20 18 17 15 14 12 11
12 11 9 8 7 6 4 3
4 3 4 3 4 3 4 3
19 12 19 13 19 14 18 15
18 15 19 15 20 16 20 16
20 16 21 15 21 13 21 12
21 12 21 8 18 4 14 3
14 3 14 4 14 5 14 5
14 5 17 6 19 9 19 12
19 12 19 12 19 12 19 12
16 12 16 10 16 9 14 8
14 8 14 9 14 9 14 10
14 10 15 11 16 12 16 13
16 13 16 12 16 12 16 12
16 12 16 12 16 12 16 12
