size: 24.000000 x 24.000000
18 15 17 15 17 15 16 15
16 15 16 16 16 16 16 17
16 17 17 17 17 17 18 17
18 17 18 16 18 16 18 15
18 15 18 15 18 15 18 15
18 11 17 11 17 11 16 11
16 11 16 12 16 12 16 13
16 13 17 13 17 13 18 13
18 13 18 12 18 12 18 11
18 11 18 11 18 11 18 11
20 19 17 19 15 19 12 19
12 19 12 18 12 18 12 17
12 17 13 17 13 17 14 17
14 17 14 16 14 16 14 15
14 15 13 15 13 15 12 15
12 15 12 14 12 14 12 13
12 13 13 13 13 13 14 13
14 13 14 12 14 12 14 11
14 11 13 11 13 11 12 11
12 11 12 10 12 10 12 9
12 9 15 9 17 9 20 9
20 9 20 12 20 16 20 19
20 19 20 19 20 19 20 19
10 7 9 7 9 7 8 7
8 7 8 6 8 6 8 5
8 5 9 5 9 5 10 5
10 5 10 6 10 6 10 7
10 7 10 7 10 7 10 7
10 11 9 11 9 11 8 11
8 11 8 10 8 10 8 9
8 9 9 9 9 9 10 9
10 9 10 10 10 10 10 11
10 11 10 11 10 11 10 11
10 15 9 15 9 15 8 15
8 15 8 14 8 14 8 13
8 13 9 13 9 13 10 13
10 13 10 14 10 14 10 15
10 15 10 15 10 15 10 15
10 19 9 19 9 19 8 19
8 19 8 18 8 18 8 17
8 17 9 17 9 17 10 17
10 17 10 18 10 18 10 19
10 19 10 19 10 19 10 19
6 7 5 7 5 7 4 7
4 7 4 6 4 6 4 5
4 5 5 5 5 5 6 5
6 5 6 6 6 6 6 7
6 7 6 7 6 7 6 7
6 11 5 11 5 11 4 11
4 11 4 10 4 10 4 9
4 9 5 9 5 9 6 9
6 9 6 10 6 10 6 11
6 11 6 11 6 11 6 11
6 15 5 15 5 15 4 15
4 15 4 14 4 14 4 13
4 13 5 13 5 13 6 13
6 13 6 14 6 14 6 15
6 15 6 15 6 15 6 15
6 19 5 19 5 19 4 19
4 19 4 18 4 18 4 17
4 17 5 17 5 17 6 17
6 17 6 18 6 18 6 19
6 19 6 19 6 19 6 19
12 7 12 6 12 4 12 3
12 3 9 3 5 3 2 3
2 3 2 9 2 15 2 21
2 21 9 21 15 21 22 21
22 21 22 16 22 12 22 7
22 7 19 7 15 7 12 7
12 7 12 7 12 7 12 7
