size: 24.000000 x 24.000000
19 18 18 18 16 18 15 18
15 18 15 15 15 12 15 9
15 9 16 9 18 9 19 9
19 9 19 12 19 15 19 18
19 18 19 18 19 18 19 18
14 13 11 13 8 13 5 13
5 13 5 12 5 10 5 9
5 9 8 9 11 9 14 9
14 9 14 10 14 12 14 13
14 13 14 13 14 13 14 13
14 18 11 18 8 18 5 18
5 18 5 17 5 15 5 14
5 14 8 14 11 14 14 14
14 14 14 15 14 17 14 18
14 18 14 18 14 18 14 18
19 4 14 4 10 4 5 4
5 4 4 4 3 5 3 6
3 6 3 10 3 14 3 18
3 18 3 19 4 20 5 20
5 20 10 20 14 20 19 20
19 20 20 20 21 19 21 18
21 18 21 14 21 10 21 6
21 6 21 5 20 4 19 4
19 4 19 4 19 4 19 4
