size: 24.000000 x 24.000000
12 2 6 2 2 6 2 12
2 12 2 16 4 19 7 21
7 21 7 20 8 19 8 19
8 19 6 18 4 15 4 12
4 12 4 8 8 4 12 4
12 4 16 4 20 8 20 12
20 12 20 15 18 18 16 19
16 19 16 19 17 20 17 21
17 21 20 19 22 16 22 12
22 12 22 6 18 2 12 2
12 2 12 2 12 2 12 2
18 12 18 9 15 6 12 6
12 6 9 6 6 9 6 12
6 12 6 14 7 16 9 17
9 17 9 17 10 16 10 16
10 16 9 15 8 14 8 12
8 12 8 10 10 8 12 8
12 8 14 8 16 10 16 12
16 12 16 14 15 15 14 16
14 16 14 16 15 17 15 17
15 17 17 16 18 14 18 12
18 12 18 12 18 12 18 12
12 10 11 10 10 11 10 12
10 12 10 13 11 14 12 14
12 14 13 14 14 13 14 12
14 12 14 11 13 10 12 10
12 10 12 10 12 10 12 10
