size: 24.000000 x 24.000000
20 18 19 18 17 18 16 18
16 18 16 15 16 12 16 9
16 9 17 9 19 9 20 9
20 9 20 12 20 15 20 18
20 18 20 18 20 18 20 18
15 13 11 13 8 13 4 13
4 13 4 12 4 10 4 9
4 9 8 9 11 9 15 9
15 9 15 10 15 12 15 13
15 13 15 13 15 13 15 13
15 18 11 18 8 18 4 18
4 18 4 17 4 15 4 14
4 14 8 14 11 14 15 14
15 14 15 15 15 17 15 18
15 18 15 18 15 18 15 18
20 4 15 4 9 4 4 4
4 4 3 4 2 5 2 6
2 6 2 10 2 14 2 18
2 18 2 19 3 20 4 20
4 20 9 20 15 20 20 20
20 20 21 20 22 19 22 18
22 18 22 14 22 10 22 6
22 6 22 5 21 4 20 4
20 4 20 4 20 4 20 4
